230  4464
351  5046
110  605,951,1185,3025,4090,4235,4990,5623,5676,6092,6411,6625,7279,7810,8681,8930,9582
231  7820
111  129,841,2389,2749,3811,3847,4605,4770,7061,7239,7512,7713,9269
112  1353,3286,5525
233  1719,2264,2291,5169
354  5581
113  628,1164,1730,4847,7771,7857,9192
234  2212,8967
355  8172
114  2648,4371,6851,7147,7694
235  2733
115  238,1031,2511,2836,2968,3148,3823,5849,7042,7152,7253
236  5803,8561
116  873,2975,4162,4761,4839,6991,8302,8375
237  5905,8738
117  1704,1915,2044,2136,2371,3206,5217,5371,6840,8133,9383
238  4164
118  1692,2326,2435,3132,4384,6234,6298,7756
239  5240
119  1754,1919,2325,6192,6194,6345,7573,7830,8363,9088,9696
10  15,104,136,145,148,159,433,440,444,506,616,668,792,1047,1221,1262,1504,1648,1753,2009,2302,2406,2431,2842,2893,2934,2974,3075,3093,3156,3257,3288,3428,3460,3591,3599,3610,3994,4139,4319,4360,4364,4383,4636,4646,4748,4789,4954,4989,5120,5424,5539,5621,5643,5929,6000,6047,6123,6140,6220,6338,6378,6462,6494,6584,6808,6810,6899,6902,6909,7082,7163,7326,7418,7452,7524,7757,7788,7871,8252,8267,8478,8601,8608,8731,8825,8943,8948,9078,9295,9329,9372,9483,9681,9904,9942,9996
11  114,164,233,242,322,436,521,574,655,673,756,817,836,884,939,1003,1045,1177,1466,1520,1587,1665,1821,1972,1977,2245,2256,2260,2375,2531,2573,2770,2879,2905,3040,3116,3117,3209,3211,3313,3405,3478,3589,3641,3731,3958,4020,4028,4040,4059,4224,4274,4292,4408,4481,4505,4554,4975,5005,5031,5146,5147,5160,5337,5346,5373,5454,5544,5680,5709,5910,5944,6039,6152,6205,6276,6318,6335,6463,6466,6555,6761,6960,7075,7142,7281,7400,7428,7437,7506,7530,7628,7841,8051,8190,8253,8384,8395,8436,8479,8507,8508,8534,8536,8728,8945,8953,9054,9086,9321,9407,9534,9876
12  32,131,141,166,194,217,225,227,263,376,418,507,527,549,619,670,679,747,888,979,1196,1247,1252,1324,1483,1501,1673,1737,1745,1900,1954,2185,2192,2231,2243,2547,2596,2636,2700,2820,3023,3052,3170,3287,3581,3631,3718,3870,3940,4111,4302,4316,4323,4353,4431,4495,4735,4760,4782,4860,5049,5131,5302,5308,5465,5632,5741,6110,6208,6254,6266,6293,6312,6327,6394,6558,6566,6570,6737,6886,6997,7002,7040,7160,7543,7602,7752,7911,7950,8086,8152,8248,8331,8672,8802,9019,9117,9129,9140,9262,9393,9441,9564,9752,9849,9885
13  50,62,102,190,206,347,453,707,753,796,828,1093,1101,1246,1394,1539,1627,1940,2030,2107,2279,2542,2584,2630,2647,2694,2944,3109,3134,3329,3563,3570,3642,3721,3793,4003,4101,4354,4387,4465,4492,4525,4712,5153,5161,5166,5179,5214,5219,5278,5345,5347,5438,5466,5481,5561,5697,5729,6132,6232,6294,6340,6387,6427,6817,6934,7035,7045,7322,7491,7654,7704,7711,7940,8042,8056,8114,8276,8410,8581,8708,8851,8871,8985,9079,9141,9168,9184,9280,9290,9545,9580,9597,9648,9768,9963
14  5,6,144,310,411,487,727,865,898,1276,1300,1302,1328,1400,1445,1451,1716,1720,1743,1888,2033,2054,2362,2544,2720,2725,2991,3078,3184,3203,3359,3400,3519,3608,3659,3862,3927,3934,4312,4418,4454,4615,4680,4711,4745,5159,5200,5324,5677,5809,5906,5939,6056,6445,6549,6607,6749,6825,6921,6936,6992,6993,7129,7246,7391,7493,7709,7872,7889,7989,8219,8336,8394,8490,8511,8549,8649,8784,9104,9139,9242,9264,9348,9465,9556,9888,9929,9970,9974,9995
15  76,306,552,647,656,887,910,917,1136,1150,1224,1243,1465,1478,1506,1583,1606,1608,1652,1712,1769,1833,1855,1930,2313,2765,2912,3041,3047,3137,3202,3375,3456,3503,3511,3538,3562,3707,3880,4066,4221,4231,4321,4331,4386,4600,4867,4942,4956,5008,5037,5048,5069,5321,5380,5453,5513,5717,5863,6315,6400,6857,6901,6915,6941,7030,7269,7511,7607,7832,7897,7902,8112,8179,8304,8342,8503,8701,8956,9044,9053,9149,9228,9343,9359,9620,9660,9687,9712,9763
16  94,123,340,348,490,705,822,961,1020,1038,1067,1100,1165,1359,1569,1819,1849,1974,2377,2454,2645,2778,2793,2958,3476,3484,3523,3621,3645,3658,3805,3871,4273,4284,4370,4458,4511,4657,4765,4845,5140,5163,5691,5707,5819,5925,5986,6023,6091,6148,6272,6343,6516,6547,6602,6624,6634,6678,6687,6891,6977,7010,7882,7994,8174,8251,8294,8348,8361,8452,8663,8746,8840,9033,9217,9305,9931
17  54,115,130,157,198,199,240,257,279,297,891,906,944,1090,1095,1173,1392,1686,1840,2117,2380,2407,2618,2852,2994,3293,3364,3394,3537,3555,3644,3704,3827,3901,4054,4225,4250,4285,4322,4358,4478,4487,4498,4572,4595,4821,4856,4877,5015,5022,5103,5280,5622,5663,5671,5923,5940,6222,6308,6528,6823,6957,7084,7187,7238,7244,7247,7402,7492,7617,7634,7879,7922,8055,8145,8171,8278,8299,8573,8612,8791,9107,9281,9346,9374,9404,9411,9567,9727,9838,9984
18  30,101,124,220,281,290,526,604,671,686,773,864,1143,1174,1275,1296,1371,1382,1571,1601,1612,1634,1706,1832,1910,2099,2104,2126,2230,2267,2479,2585,2612,2660,2756,2794,2861,2940,2962,3067,3398,3440,3447,3497,3569,3761,3879,3888,4180,4217,4249,4269,4524,4813,5099,5123,5335,5383,5415,5462,5479,5502,5555,5569,5589,5626,5672,5856,5915,6019,6210,6753,6869,7000,7031,7119,7355,7451,8022,8215,8275,8323,8356,8481,8531,8563,8717,8886,8900,8911,8951,9137,9212,9243,9254,9532,9533,9624,9819,9822,9921,9936,9958
19  250,328,423,468,894,1096,1261,1305,1574,1682,1689,2110,2125,2317,2359,2397,2415,2578,2606,2655,2681,2799,2881,2956,2977,3014,3113,3186,3215,3425,3624,3727,3787,3821,4070,4188,4538,4607,4660,4873,5101,5237,5244,5304,5311,5476,5711,5877,6087,6117,6139,6142,6243,6333,6433,6582,6601,6610,6620,6676,6685,6689,6759,6831,6879,6937,7008,8183,8341,8385,8597,8716,8726,8790,8814,8913,8933,9109,9530,9537,9549,9559,9578,9691,9872,9968,9977
480  6070
240  2548,2760,5366,5820
120  5226,5299,6850
241  9255
0  1,2,3,7,9,11,12,13,14,16,19,20,22,23,24,26,27,35,36,37,40,47,52,55,56,57,59,60,61,63,64,65,68,70,71,72,74,75,79,80,81,83,87,91,92,93,95,96,97,100,103,105,109,110,112,113,118,119,132,134,137,138,139,143,150,151,152,154,155,156,158,160,162,163,167,168,169,171,172,174,177,180,183,184,185,188,191,196,197,200,201,202,203,205,207,209,210,214,215,216,218,219,221,223,224,226,229,230,232,235,236,239,241,243,245,246,248,255,256,258,259,260,261,262,264,266,267,271,273,274,278,282,285,288,289,291,293,295,298,299,300,301,303,305,311,312,313,314,315,316,317,321,323,324,325,329,330,334,339,343,351,353,356,358,362,364,366,372,374,375,378,381,383,388,392,398,399,400,401,408,412,413,417,422,424,425,428,429,430,431,432,434,435,437,438,442,445,448,449,450,454,455,456,457,458,460,461,464,466,469,470,471,473,475,478,479,480,482,488,496,498,499,501,503,504,508,510,511,514,515,517,519,520,524,525,531,532,535,536,537,538,540,541,542,544,545,546,547,554,555,556,557,560,562,563,565,570,577,578,580,582,584,586,587,588,590,591,592,593,594,595,597,598,599,602,606,609,615,621,622,623,624,626,627,629,631,634,635,636,639,643,652,654,664,666,667,669,676,680,695,697,699,702,703,715,717,720,724,732,733,738,739,742,745,748,750,751,766,767,768,769,774,775,778,781,782,783,785,786,789,790,791,797,799,801,802,803,804,805,807,811,816,819,821,826,827,831,833,834,837,842,843,844,847,851,852,861,863,866,869,870,872,874,875,876,886,892,895,896,897,902,903,909,912,914,915,916,919,920,921,922,923,925,926,928,929,931,934,935,936,943,945,948,950,971,980,984,989,991,994,996,997,999,1000,1002,1004,1005,1006,1007,1010,1012,1013,1014,1015,1017,1026,1032,1033,1035,1036,1037,1039,1043,1046,1048,1049,1050,1051,1052,1053,1054,1056,1057,1058,1059,1060,1066,1069,1074,1075,1076,1077,1079,1080,1081,1082,1083,1084,1085,1086,1088,1091,1094,1097,1098,1103,1104,1106,1107,1108,1109,1110,1111,1113,1115,1118,1119,1120,1123,1125,1126,1129,1130,1131,1137,1138,1140,1142,1144,1145,1147,1148,1149,1152,1154,1157,1158,1162,1167,1171,1172,1176,1181,1182,1186,1187,1189,1198,1199,1200,1201,1202,1203,1208,1209,1210,1211,1214,1215,1217,1218,1219,1222,1223,1227,1228,1229,1238,1239,1240,1241,1248,1249,1251,1253,1254,1255,1256,1259,1260,1264,1266,1269,1270,1271,1272,1273,1283,1284,1285,1286,1287,1288,1289,1290,1291,1292,1293,1297,1299,1301,1307,1308,1309,1310,1312,1314,1316,1318,1322,1326,1330,1331,1333,1334,1335,1336,1337,1338,1339,1346,1352,1358,1361,1363,1364,1366,1368,1372,1373,1374,1379,1380,1385,1386,1387,1388,1389,1390,1391,1395,1402,1403,1405,1406,1407,1409,1410,1412,1414,1415,1418,1419,1422,1423,1426,1427,1428,1430,1431,1432,1440,1441,1456,1459,1467,1468,1480,1481,1484,1485,1487,1488,1490,1497,1499,1500,1508,1513,1515,1517,1518,1521,1522,1523,1524,1525,1526,1527,1530,1531,1540,1545,1546,1548,1558,1559,1561,1565,1567,1573,1576,1577,1578,1580,1584,1585,1586,1588,1589,1590,1592,1594,1596,1597,1598,1602,1603,1604,1609,1613,1616,1619,1622,1624,1626,1632,1636,1637,1639,1640,1641,1642,1643,1644,1647,1656,1657,1660,1663,1664,1666,1670,1676,1677,1678,1679,1680,1681,1694,1695,1697,1700,1702,1707,1718,1722,1724,1725,1728,1729,1731,1733,1734,1736,1738,1739,1740,1741,1744,1750,1752,1755,1758,1759,1760,1761,1762,1763,1764,1766,1768,1770,1771,1774,1780,1781,1783,1785,1786,1787,1788,1790,1791,1792,1799,1800,1802,1805,1807,1809,1811,1812,1813,1815,1816,1820,1829,1830,1831,1836,1838,1839,1843,1845,1846,1847,1848,1850,1852,1853,1856,1862,1864,1868,1869,1871,1880,1883,1890,1897,1903,1905,1906,1908,1913,1914,1916,1920,1925,1932,1933,1935,1938,1941,1944,1945,1948,1950,1951,1956,1960,1961,1965,1966,1969,1970,1975,1978,1979,1980,1981,1982,1987,1991,1992,1993,1994,2001,2003,2004,2007,2008,2015,2016,2017,2019,2021,2024,2026,2029,2031,2032,2035,2036,2037,2041,2047,2048,2050,2051,2053,2055,2056,2058,2060,2066,2068,2069,2070,2071,2074,2075,2076,2077,2078,2079,2081,2082,2084,2086,2090,2091,2097,2098,2101,2102,2105,2106,2118,2121,2122,2123,2127,2129,2132,2134,2137,2142,2144,2150,2152,2154,2157,2158,2160,2161,2163,2164,2166,2167,2169,2170,2171,2172,2173,2175,2177,2178,2188,2193,2194,2198,2199,2200,2205,2214,2215,2217,2219,2221,2223,2224,2225,2227,2228,2232,2234,2235,2236,2238,2239,2242,2246,2249,2250,2253,2254,2258,2261,2262,2266,2268,2270,2272,2273,2275,2277,2278,2280,2282,2285,2286,2287,2293,2294,2295,2300,2303,2304,2307,2308,2318,2319,2320,2321,2324,2327,2331,2332,2334,2336,2339,2345,2347,2348,2350,2353,2355,2357,2365,2366,2367,2376,2382,2386,2388,2392,2398,2401,2404,2405,2409,2410,2411,2412,2414,2417,2418,2421,2425,2426,2427,2428,2429,2434,2436,2437,2438,2439,2440,2441,2443,2449,2450,2451,2453,2456,2461,2470,2471,2473,2476,2478,2480,2481,2482,2487,2489,2491,2494,2496,2498,2499,2500,2501,2502,2504,2505,2507,2508,2510,2512,2513,2516,2517,2518,2519,2520,2521,2523,2524,2525,2526,2532,2533,2535,2538,2539,2541,2543,2545,2546,2550,2554,2555,2556,2560,2568,2569,2570,2574,2575,2576,2577,2579,2583,2589,2591,2592,2595,2597,2598,2600,2602,2603,2604,2605,2607,2609,2610,2611,2614,2616,2621,2623,2624,2628,2629,2631,2635,2637,2638,2640,2643,2644,2646,2650,2657,2661,2662,2663,2664,2666,2667,2668,2670,2672,2674,2677,2682,2683,2684,2686,2688,2690,2692,2701,2703,2704,2705,2706,2708,2709,2710,2711,2712,2713,2714,2717,2718,2719,2721,2722,2724,2728,2729,2732,2734,2735,2741,2743,2744,2745,2748,2750,2751,2752,2753,2755,2758,2759,2761,2766,2774,2776,2780,2781,2782,2784,2785,2788,2792,2795,2797,2798,2800,2804,2805,2806,2811,2812,2813,2815,2816,2817,2819,2828,2829,2831,2834,2835,2837,2838,2841,2843,2844,2845,2847,2848,2849,2850,2851,2853,2857,2865,2868,2871,2872,2878,2882,2883,2886,2891,2894,2896,2897,2898,2899,2900,2902,2903,2906,2907,2908,2910,2911,2922,2923,2925,2926,2929,2931,2932,2936,2938,2950,2954,2957,2964,2965,2967,2973,2976,2978,2979,2981,2982,2984,2986,2987,2988,2989,2990,2993,2995,2996,2997,2998,2999,3002,3004,3005,3011,3012,3016,3017,3019,3021,3022,3024,3026,3029,3030,3031,3032,3033,3034,3035,3037,3039,3042,3044,3045,3049,3050,3051,3053,3054,3055,3056,3057,3059,3061,3062,3065,3068,3069,3071,3072,3073,3077,3079,3083,3084,3087,3088,3089,3090,3091,3092,3096,3098,3099,3101,3102,3105,3108,3110,3112,3114,3121,3122,3123,3124,3125,3126,3131,3136,3138,3139,3140,3143,3144,3145,3146,3147,3150,3151,3154,3155,3159,3167,3168,3171,3173,3174,3175,3176,3177,3179,3180,3182,3183,3185,3187,3188,3189,3190,3192,3193,3194,3196,3208,3212,3214,3217,3220,3221,3222,3225,3233,3235,3236,3237,3238,3240,3241,3243,3244,3245,3247,3248,3249,3253,3254,3256,3258,3261,3262,3267,3269,3270,3272,3273,3275,3276,3277,3278,3279,3282,3283,3290,3291,3296,3297,3302,3303,3309,3310,3312,3314,3315,3316,3321,3323,3324,3328,3330,3331,3332,3334,3337,3338,3342,3344,3345,3346,3348,3349,3350,3352,3357,3358,3361,3366,3367,3370,3372,3373,3374,3377,3378,3379,3380,3381,3382,3383,3384,3387,3388,3390,3397,3401,3403,3407,3410,3412,3413,3415,3417,3422,3426,3429,3430,3432,3433,3436,3439,3444,3445,3448,3450,3451,3452,3453,3454,3458,3459,3463,3464,3466,3468,3470,3477,3481,3483,3486,3487,3488,3493,3496,3500,3501,3502,3506,3507,3512,3513,3515,3517,3518,3520,3521,3522,3524,3525,3526,3528,3533,3536,3539,3540,3541,3542,3545,3548,3549,3552,3553,3554,3558,3559,3560,3561,3568,3571,3576,3579,3580,3582,3584,3586,3588,3590,3593,3598,3600,3601,3602,3604,3606,3607,3612,3613,3616,3617,3619,3620,3625,3627,3634,3638,3640,3648,3651,3653,3656,3657,3661,3663,3664,3668,3669,3670,3671,3673,3676,3678,3680,3682,3683,3684,3687,3689,3693,3697,3698,3699,3705,3706,3708,3709,3711,3713,3717,3719,3722,3723,3724,3725,3729,3733,3734,3736,3738,3739,3741,3742,3743,3745,3746,3747,3748,3749,3750,3751,3752,3754,3755,3756,3757,3758,3759,3760,3762,3763,3769,3771,3772,3775,3778,3780,3781,3782,3783,3785,3788,3790,3792,3796,3797,3800,3804,3807,3808,3810,3812,3813,3814,3815,3816,3817,3826,3830,3832,3835,3839,3840,3842,3844,3851,3852,3856,3857,3858,3860,3865,3866,3867,3868,3869,3873,3874,3875,3877,3883,3890,3892,3894,3897,3898,3900,3904,3906,3909,3915,3916,3917,3918,3923,3924,3926,3929,3930,3932,3933,3939,3942,3945,3947,3952,3954,3964,3965,3966,3967,3968,3970,3972,3973,3975,3976,3979,3980,3984,3988,3989,3990,3993,3995,3997,3998,4000,4002,4005,4006,4009,4010,4011,4012,4016,4018,4021,4022,4037,4043,4044,4048,4049,4050,4053,4055,4056,4057,4061,4064,4065,4067,4075,4076,4077,4080,4081,4082,4083,4084,4089,4099,4100,4104,4109,4112,4118,4120,4123,4126,4128,4129,4131,4132,4133,4134,4135,4137,4140,4141,4142,4143,4144,4145,4146,4149,4159,4161,4167,4169,4171,4172,4174,4175,4177,4178,4182,4184,4185,4186,4187,4189,4190,4191,4192,4194,4195,4197,4198,4199,4202,4203,4205,4206,4207,4213,4215,4219,4220,4223,4228,4229,4232,4234,4237,4239,4240,4242,4243,4244,4246,4247,4248,4251,4252,4253,4254,4255,4256,4257,4259,4272,4275,4277,4278,4279,4280,4283,4287,4291,4298,4301,4303,4305,4307,4310,4317,4318,4320,4325,4326,4327,4328,4329,4330,4332,4333,4334,4338,4339,4342,4345,4347,4362,4365,4374,4375,4376,4377,4378,4380,4381,4382,4385,4388,4389,4397,4398,4400,4402,4403,4404,4407,4409,4411,4412,4413,4414,4416,4428,4429,4432,4434,4435,4437,4439,4440,4441,4443,4447,4449,4451,4456,4457,4460,4466,4469,4473,4482,4485,4488,4494,4496,4499,4501,4508,4510,4512,4518,4528,4529,4530,4531,4536,4542,4543,4546,4548,4552,4553,4556,4557,4558,4566,4567,4568,4570,4571,4573,4574,4575,4576,4577,4579,4580,4581,4583,4585,4589,4590,4592,4593,4594,4597,4599,4602,4604,4606,4609,4612,4613,4617,4621,4628,4629,4630,4639,4644,4647,4648,4650,4651,4653,4658,4659,4661,4663,4664,4667,4671,4673,4674,4676,4677,4678,4681,4682,4684,4685,4686,4687,4689,4690,4692,4693,4694,4696,4697,4698,4699,4701,4703,4704,4713,4715,4717,4718,4719,4720,4721,4722,4723,4725,4726,4727,4728,4730,4731,4733,4734,4739,4741,4749,4751,4752,4756,4762,4766,4768,4769,4773,4774,4775,4777,4778,4779,4791,4793,4796,4800,4801,4803,4804,4805,4807,4808,4811,4814,4815,4817,4818,4831,4835,4841,4843,4846,4855,4859,4861,4866,4869,4870,4871,4872,4882,4888,4890,4891,4895,4897,4899,4900,4901,4903,4905,4906,4907,4909,4913,4914,4915,4918,4919,4920,4922,4923,4924,4925,4926,4927,4928,4933,4934,4936,4938,4939,4948,4953,4957,4958,4959,4960,4962,4963,4964,4966,4967,4968,4970,4973,4974,4976,4978,4979,4980,4981,4982,4983,4988,4992,4998,4999,5004,5007,5011,5013,5014,5017,5025,5026,5027,5028,5029,5030,5033,5034,5036,5040,5044,5047,5050,5052,5056,5057,5060,5066,5068,5072,5075,5079,5080,5082,5089,5092,5102,5104,5105,5111,5112,5115,5116,5118,5121,5124,5125,5126,5127,5128,5129,5132,5133,5135,5136,5138,5145,5148,5149,5150,5151,5156,5158,5165,5172,5173,5176,5184,5187,5190,5192,5194,5195,5197,5198,5201,5205,5208,5209,5210,5211,5212,5218,5221,5223,5229,5232,5233,5236,5238,5239,5243,5246,5251,5252,5253,5254,5257,5258,5259,5266,5267,5268,5269,5273,5274,5275,5276,5279,5284,5285,5286,5287,5290,5291,5294,5297,5300,5303,5305,5309,5310,5312,5314,5316,5317,5318,5319,5322,5323,5325,5326,5328,5330,5331,5332,5333,5334,5336,5339,5343,5344,5353,5354,5356,5358,5359,5360,5362,5364,5367,5368,5369,5372,5375,5385,5389,5392,5397,5404,5406,5408,5409,5410,5411,5412,5413,5414,5418,5419,5423,5425,5426,5428,5432,5436,5437,5439,5441,5442,5443,5446,5448,5449,5452,5456,5458,5460,5463,5464,5468,5469,5470,5471,5472,5483,5484,5489,5491,5492,5495,5497,5501,5506,5508,5509,5511,5517,5519,5520,5521,5522,5523,5527,5528,5529,5530,5531,5532,5534,5535,5540,5545,5547,5549,5551,5552,5553,5556,5562,5563,5567,5570,5571,5572,5573,5575,5576,5577,5580,5583,5584,5586,5587,5588,5591,5592,5593,5595,5597,5602,5604,5605,5606,5607,5608,5610,5613,5614,5617,5618,5624,5625,5628,5629,5633,5634,5635,5638,5641,5642,5646,5647,5649,5650,5651,5652,5655,5658,5660,5667,5668,5670,5674,5682,5686,5687,5689,5692,5693,5694,5699,5700,5705,5708,5710,5713,5714,5715,5716,5721,5723,5726,5730,5731,5733,5735,5738,5739,5742,5743,5746,5747,5751,5752,5753,5754,5760,5762,5765,5766,5769,5773,5774,5776,5777,5778,5779,5784,5785,5786,5787,5790,5792,5794,5795,5796,5797,5798,5800,5801,5804,5822,5823,5824,5825,5827,5829,5831,5833,5835,5836,5837,5838,5843,5845,5846,5847,5851,5853,5855,5857,5859,5861,5867,5870,5874,5875,5878,5879,5880,5883,5884,5885,5886,5887,5888,5889,5890,5893,5894,5907,5911,5913,5914,5916,5917,5918,5922,5926,5932,5936,5937,5938,5943,5948,5949,5950,5951,5955,5957,5963,5964,5971,5972,5976,5977,5979,5981,5983,5984,5985,5998,5999,6001,6002,6004,6005,6006,6007,6008,6009,6012,6016,6017,6018,6024,6025,6026,6028,6030,6031,6035,6036,6037,6048,6054,6057,6058,6061,6062,6063,6064,6066,6067,6068,6071,6073,6074,6082,6088,6089,6096,6099,6100,6101,6102,6107,6108,6112,6114,6119,6133,6134,6136,6137,6138,6143,6147,6149,6151,6153,6154,6155,6156,6158,6159,6160,6164,6176,6178,6181,6182,6183,6184,6185,6187,6188,6193,6200,6201,6202,6204,6211,6212,6213,6214,6216,6218,6221,6226,6227,6228,6229,6233,6239,6240,6242,6245,6246,6247,6256,6257,6258,6259,6260,6262,6263,6268,6269,6270,6278,6279,6280,6282,6284,6285,6286,6287,6288,6291,6295,6296,6299,6302,6305,6306,6309,6310,6316,6322,6323,6325,6326,6328,6334,6351,6354,6358,6361,6364,6367,6371,6376,6380,6381,6382,6383,6384,6390,6393,6397,6398,6399,6401,6402,6403,6408,6410,6412,6414,6415,6417,6422,6423,6424,6426,6430,6431,6434,6436,6437,6438,6439,6442,6443,6444,6447,6457,6459,6467,6473,6474,6475,6477,6478,6482,6487,6489,6492,6493,6496,6500,6501,6502,6503,6504,6510,6511,6512,6514,6515,6517,6518,6519,6520,6521,6524,6526,6529,6531,6536,6540,6541,6543,6550,6552,6553,6556,6557,6559,6562,6563,6565,6569,6571,6572,6573,6574,6580,6583,6586,6587,6591,6596,6598,6599,6603,6606,6612,6618,6619,6623,6627,6629,6631,6636,6638,6641,6645,6647,6648,6650,6653,6654,6658,6659,6661,6663,6665,6669,6671,6673,6675,6677,6679,6680,6681,6683,6684,6686,6691,6698,6700,6701,6705,6706,6707,6710,6711,6714,6715,6716,6717,6719,6721,6723,6724,6726,6728,6730,6731,6733,6734,6736,6738,6739,6740,6741,6742,6744,6745,6747,6750,6751,6752,6754,6755,6758,6760,6762,6763,6765,6766,6767,6770,6776,6778,6779,6781,6782,6783,6784,6785,6789,6791,6794,6797,6799,6801,6813,6815,6818,6819,6821,6826,6827,6828,6829,6832,6838,6841,6842,6843,6844,6845,6846,6847,6852,6853,6854,6855,6858,6859,6863,6871,6874,6877,6878,6880,6882,6883,6887,6888,6889,6892,6895,6896,6897,6904,6906,6908,6914,6917,6920,6923,6926,6929,6931,6932,6942,6944,6945,6949,6950,6951,6952,6953,6958,6959,6961,6974,6975,6976,6979,6984,6985,6988,6990,6999,7004,7006,7007,7014,7015,7017,7018,7019,7020,7021,7022,7027,7032,7033,7038,7049,7050,7052,7053,7056,7057,7058,7062,7066,7067,7070,7073,7074,7079,7080,7083,7085,7087,7090,7091,7094,7100,7102,7104,7105,7110,7116,7117,7118,7122,7124,7126,7127,7128,7130,7132,7134,7135,7139,7141,7144,7146,7149,7150,7155,7156,7157,7159,7162,7171,7174,7177,7183,7184,7188,7189,7190,7191,7192,7193,7194,7196,7202,7205,7209,7210,7211,7212,7214,7215,7218,7219,7220,7221,7222,7224,7225,7229,7232,7233,7234,7235,7240,7241,7242,7248,7252,7257,7258,7259,7263,7265,7267,7268,7270,7271,7272,7276,7277,7278,7283,7286,7287,7288,7293,7297,7298,7302,7303,7306,7309,7310,7311,7316,7319,7323,7324,7329,7330,7331,7334,7336,7337,7338,7341,7342,7343,7344,7349,7353,7354,7356,7357,7361,7362,7363,7367,7373,7374,7377,7378,7381,7382,7383,7386,7387,7389,7390,7392,7393,7396,7397,7399,7404,7405,7406,7410,7412,7413,7416,7419,7420,7421,7422,7425,7426,7427,7429,7431,7435,7436,7442,7443,7446,7447,7449,7454,7455,7458,7459,7464,7465,7468,7469,7471,7474,7475,7476,7478,7479,7480,7481,7482,7483,7485,7486,7490,7495,7497,7501,7502,7503,7505,7507,7518,7527,7529,7532,7536,7538,7540,7542,7544,7545,7546,7548,7549,7550,7553,7554,7555,7556,7557,7559,7560,7561,7562,7563,7572,7574,7575,7576,7580,7581,7582,7583,7584,7586,7587,7588,7589,7591,7592,7593,7595,7596,7597,7598,7599,7600,7601,7605,7610,7613,7618,7620,7621,7624,7625,7626,7627,7631,7633,7636,7637,7641,7642,7643,7645,7646,7647,7649,7651,7656,7658,7660,7661,7662,7664,7665,7666,7670,7674,7675,7679,7680,7681,7682,7685,7690,7697,7699,7703,7706,7707,7710,7712,7714,7716,7717,7718,7719,7723,7724,7728,7729,7734,7735,7736,7737,7738,7739,7740,7741,7742,7744,7747,7749,7753,7754,7755,7758,7759,7761,7762,7764,7765,7769,7773,7776,7777,7784,7785,7786,7793,7795,7796,7798,7799,7806,7807,7809,7815,7825,7831,7834,7839,7844,7845,7847,7848,7849,7850,7852,7856,7860,7861,7862,7865,7866,7869,7874,7877,7878,7880,7883,7884,7885,7886,7887,7890,7891,7892,7893,7894,7895,7900,7901,7903,7904,7905,7906,7907,7912,7914,7920,7921,7929,7931,7933,7936,7938,7939,7941,7951,7954,7958,7959,7960,7967,7974,7975,7976,7977,7980,7981,7982,7986,7988,7991,7995,7996,7999,8000,8002,8003,8004,8007,8009,8014,8015,8018,8020,8023,8025,8026,8030,8032,8033,8037,8038,8040,8041,8044,8047,8048,8052,8054,8057,8058,8059,8060,8061,8063,8064,8069,8070,8072,8073,8076,8077,8078,8079,8080,8082,8083,8087,8088,8090,8091,8095,8096,8097,8098,8099,8100,8101,8104,8106,8109,8111,8115,8121,8124,8125,8126,8127,8128,8131,8132,8137,8138,8141,8143,8144,8146,8147,8148,8154,8156,8158,8160,8161,8164,8167,8175,8178,8180,8188,8193,8195,8196,8197,8198,8202,8204,8205,8209,8211,8213,8216,8220,8222,8224,8228,8230,8234,8235,8237,8238,8239,8241,8243,8244,8247,8250,8254,8256,8259,8260,8261,8262,8263,8264,8265,8268,8269,8270,8273,8281,8282,8283,8284,8286,8290,8291,8297,8298,8300,8301,8303,8305,8306,8307,8308,8309,8314,8315,8317,8324,8325,8327,8330,8334,8335,8337,8338,8343,8347,8349,8351,8357,8360,8362,8364,8368,8369,8372,8373,8374,8376,8377,8380,8381,8382,8383,8386,8387,8389,8390,8391,8396,8397,8398,8399,8401,8402,8407,8408,8411,8412,8415,8418,8419,8420,8423,8428,8432,8438,8439,8440,8441,8443,8444,8457,8460,8461,8462,8463,8464,8465,8467,8471,8472,8476,8477,8482,8483,8487,8488,8489,8491,8492,8493,8494,8495,8496,8498,8500,8501,8509,8510,8514,8518,8520,8521,8522,8523,8524,8525,8526,8527,8529,8530,8533,8535,8544,8546,8547,8550,8553,8555,8560,8567,8568,8575,8576,8577,8580,8583,8589,8591,8594,8598,8599,8600,8602,8603,8605,8606,8607,8613,8614,8618,8620,8621,8623,8626,8631,8633,8634,8638,8640,8641,8643,8645,8646,8647,8648,8650,8653,8655,8659,8660,8664,8665,8666,8667,8673,8675,8678,8679,8680,8682,8684,8685,8686,8687,8688,8689,8695,8698,8702,8703,8704,8705,8706,8707,8709,8710,8711,8712,8713,8714,8715,8718,8719,8720,8721,8722,8723,8733,8734,8737,8740,8744,8745,8748,8749,8752,8753,8755,8757,8758,8759,8762,8763,8764,8768,8769,8770,8771,8772,8774,8781,8783,8787,8794,8796,8798,8799,8801,8803,8809,8812,8813,8815,8817,8818,8820,8822,8823,8824,8826,8831,8832,8835,8836,8839,8841,8843,8844,8845,8846,8849,8852,8853,8856,8858,8861,8862,8865,8866,8868,8869,8877,8878,8881,8882,8883,8885,8888,8889,8890,8892,8893,8894,8895,8897,8899,8901,8903,8905,8907,8909,8910,8919,8921,8922,8923,8925,8926,8927,8928,8932,8938,8949,8952,8954,8957,8958,8959,8960,8963,8964,8966,8968,8970,8971,8972,8973,8974,8975,8977,8978,8981,8983,8984,8987,8988,8990,8991,8992,8993,8994,8996,8997,8998,8999,9001,9002,9004,9008,9009,9010,9013,9015,9017,9018,9020,9024,9027,9029,9030,9032,9035,9040,9046,9049,9052,9056,9059,9061,9063,9066,9069,9070,9071,9073,9074,9075,9080,9083,9084,9085,9087,9089,9090,9093,9095,9099,9100,9101,9102,9103,9105,9106,9108,9115,9116,9122,9125,9130,9132,9133,9138,9142,9146,9148,9150,9151,9152,9154,9155,9156,9157,9161,9164,9165,9167,9170,9172,9173,9174,9175,9177,9179,9182,9183,9185,9186,9188,9190,9191,9194,9195,9196,9197,9201,9202,9205,9211,9213,9214,9215,9216,9225,9226,9227,9229,9231,9232,9233,9234,9235,9237,9238,9240,9247,9249,9250,9251,9256,9258,9259,9261,9263,9273,9276,9279,9282,9284,9285,9289,9292,9294,9298,9300,9301,9302,9303,9309,9311,9313,9314,9315,9316,9317,9318,9319,9323,9325,9326,9327,9328,9330,9332,9333,9335,9336,9337,9339,9340,9345,9347,9350,9352,9354,9356,9358,9362,9364,9367,9368,9369,9370,9375,9382,9385,9389,9397,9399,9410,9412,9413,9416,9417,9418,9422,9423,9424,9425,9426,9432,9434,9438,9443,9446,9448,9450,9453,9458,9459,9460,9461,9462,9464,9467,9468,9471,9472,9475,9476,9477,9478,9479,9482,9484,9485,9486,9487,9488,9489,9491,9496,9501,9503,9504,9505,9506,9507,9509,9510,9517,9518,9519,9520,9524,9525,9531,9538,9543,9544,9547,9550,9553,9554,9555,9560,9561,9562,9566,9573,9574,9575,9577,9579,9584,9586,9587,9588,9591,9593,9594,9596,9601,9602,9603,9604,9609,9610,9611,9613,9614,9615,9616,9617,9618,9619,9622,9625,9626,9629,9632,9633,9635,9643,9646,9649,9650,9652,9655,9658,9659,9661,9662,9665,9666,9670,9673,9674,9677,9678,9679,9684,9685,9686,9689,9690,9693,9695,9700,9702,9704,9705,9706,9708,9710,9714,9717,9721,9724,9726,9729,9732,9734,9735,9741,9743,9748,9750,9751,9753,9755,9756,9758,9760,9764,9765,9766,9770,9771,9772,9773,9776,9777,9780,9781,9784,9786,9787,9789,9790,9792,9794,9796,9799,9802,9804,9808,9812,9813,9814,9815,9817,9818,9823,9825,9826,9832,9833,9836,9841,9843,9844,9845,9846,9848,9850,9852,9854,9857,9859,9860,9861,9862,9864,9866,9870,9871,9873,9874,9881,9882,9883,9884,9889,9890,9891,9892,9893,9895,9896,9902,9905,9906,9907,9910,9912,9915,9916,9918,9920,9928,9932,9933,9934,9938,9939,9940,9944,9947,9948,9949,9951,9952,9953,9954,9955,9957,9960,9961,9964,9965,9971,9972,9973,9975,9979,9980,9981,9982,9985,9988,9989,9990,9991,9992,9993,9994,9997,9998,9999
121  427,1901,4759,6265,7012,9067
1  8,28,88,106,147,175,179,186,253,269,349,406,414,452,465,575,649,660,672,700,907,940,967,982,993,1166,1404,1554,1669,1711,1806,1814,1844,2012,2014,2196,2213,2216,2283,2299,2420,2509,2530,2580,2658,2693,2742,2779,2875,2928,2983,3001,3095,3115,3119,3129,3135,3169,3178,3229,3284,3495,3527,3577,3688,3730,3779,3809,3841,3845,3864,4025,4031,4092,4105,4116,4138,4263,4270,4351,4523,4724,4795,5012,5016,5051,5059,5177,5181,5282,5376,5390,5445,5478,5494,5503,5516,5554,5590,5612,5630,5895,6129,6166,6173,6175,6224,6353,6488,6495,6523,6617,6764,6812,6912,6955,7054,7063,7113,7256,7394,7445,7460,7462,7496,7569,7619,7695,7745,7780,7908,7955,8043,8185,8225,8231,8232,8333,8359,8379,8417,8499,8516,8625,8742,8860,8863,8912,9153,9189,9221,9252,9334,9381,9401,9409,9429,9445,9512,9539,9585,9638,9654,9694,9744,9774,9788,9793,9909,9923
122  1894,3335,3936,5222,5933,6963,7133
2  48,73,98,99,120,122,133,173,176,192,265,327,409,539,576,603,610,640,641,646,689,690,726,760,779,795,813,862,900,930,969,1153,1356,1453,1464,1471,1494,1543,1555,1557,1564,1939,1947,2040,2087,2113,2141,2211,2220,2363,2468,2587,2665,2676,2757,2877,2951,2952,2963,3048,3074,3106,3120,3399,3427,3514,3636,3703,3737,3777,3819,3946,4103,4119,4299,4459,4526,4541,4596,4729,4732,4754,4781,4816,4853,4985,5006,5055,5188,5202,5288,5320,5524,5639,5690,5702,5821,5908,5920,5982,6078,6109,6168,6290,6421,6485,6506,6635,6644,6795,6806,6864,6885,6890,6903,6927,6939,6978,6986,7016,7023,7099,7103,7114,7120,7125,7138,7180,7181,7201,7261,7345,7434,7463,7477,7578,7688,7700,7743,7781,7791,7817,7827,7853,7859,7868,7973,8062,8105,8229,8266,8271,8388,8434,8635,8639,8642,8670,8677,8694,8875,8924,8940,9000,9055,9076,9246,9267,9306,9463,9494,9508,9548,9569,9829,9903,9913
365  2391
123  4462,5854,6347,6626,8448,8735
486  4875
3  53,84,178,247,270,272,368,395,459,462,502,567,677,688,741,859,879,1078,1112,1188,1220,1452,1503,1537,1630,1646,1668,1671,1687,1693,1696,1779,1955,1971,2065,2147,2184,2222,2346,2447,2475,2488,2497,2514,2617,2626,2659,2762,2777,2801,2810,2876,2947,3036,3046,3294,3442,3499,3532,3583,3646,3679,3732,3886,3943,3962,3963,4155,4304,4324,4486,4547,4598,4708,4776,4799,4848,4955,4969,4977,5084,5090,5139,5174,5262,5447,5455,5474,5533,5538,5557,5565,5695,5791,5814,5903,5921,6010,6014,6021,6038,6081,6122,6146,6217,6235,6303,6366,6374,6505,6568,6655,6696,6856,6884,6916,6947,7011,7060,7154,7186,7308,7325,7411,7525,7606,7609,7639,7687,7731,7836,7840,7875,7993,8028,8075,8093,8103,8139,8258,8340,8403,8416,8674,8691,8699,8775,8902,8908,8935,9045,9057,9163,9277,9324,9363,9433,9469,9495,9497,9570,9607,9627,9637,9746,9842,9858,9868,9875,9959
124  5193,6432,8006,8543,9065
125  66,1344,3919,4405,5980,6237
4  108,277,370,543,601,662,794,829,1001,1092,1315,1514,1556,1635,1649,1810,1824,1835,1866,1962,2010,2013,2128,2140,2241,2333,2341,2344,2594,2775,2859,2890,2919,2980,3064,3260,3311,3317,3347,3404,3801,3820,3907,3971,4014,4035,4093,4281,4357,4359,4611,4620,4691,4961,4987,4994,5054,5073,5100,5108,5143,5247,5283,5296,5327,5405,5498,5515,5585,5745,5897,5912,6157,6162,6179,6251,6267,6341,6372,6404,6409,6486,6513,6525,6561,6646,6667,6727,6911,6913,7131,7166,7236,7273,7274,7294,7352,7448,7655,7659,7772,7787,7881,8034,8081,8108,8136,8162,8186,8227,8240,8406,8447,8466,8473,8515,8574,8624,8692,8859,8946,8955,9022,9037,9042,9110,9144,9147,9169,9203,9291,9621,9636,9682,9698,9767,9795,9803,9809,9922,9935
5  21,42,111,165,170,181,187,275,371,509,637,642,645,674,719,735,757,772,942,987,1244,1349,1351,1381,1398,1447,1486,1510,1528,1572,1746,1775,1867,1879,2148,2292,2316,2368,2369,2422,2506,2540,2565,2768,2791,2930,2960,3076,3080,3104,3369,3419,3435,3479,3585,3592,3595,3720,3765,3825,3876,3899,3913,3948,4026,4041,4117,4136,4297,4350,4361,4367,4368,4399,4410,4452,4555,4591,4614,4666,4892,5117,5167,5403,5475,5512,5896,6050,6076,6273,6274,6283,6317,6332,6388,6405,6453,6491,6581,6656,6708,7111,7185,7204,7284,7289,7304,7305,7415,7439,7441,7499,7513,7551,7585,7652,7686,7792,7961,8107,8119,8168,8170,8191,8321,8426,8556,8627,8628,8838,8939,9207,9257,9357,9366,9435,9481,9600,9623,9645,9680,9762,9824,9869,9946
126  1073,2796,5761,7692,8545,8773,9427,9522
247  5095
6  18,116,193,360,451,661,665,871,1135,1461,1496,1498,1566,1662,1795,1934,2073,2133,2139,2378,2424,2527,2727,2855,2867,3066,3128,3207,3295,3298,3301,3389,3418,3443,3505,3660,3696,3791,3960,3974,3987,4455,4569,4587,4588,4656,4695,4802,4884,5000,5130,5206,5270,5398,5548,5598,5599,5603,5611,5619,5637,5755,5772,5788,5882,5931,5945,6049,6069,6097,6171,6174,6275,6375,6413,6440,6575,6672,6712,6729,6775,6798,6830,7078,7096,7108,7143,7262,7335,7339,7407,7450,7517,7701,7821,7867,8074,8094,8149,8184,8279,8332,8358,8378,8442,8690,8929,9011,9021,9023,9060,9092,9388,9439,9470,9499,9589,9608,9688,9835
127  2803,2870,2948,4419,4755,5175,6118,7153,8163,8365,9293
248  4470
7  39,528,529,617,644,793,830,918,1277,1355,1411,1435,1560,1708,1756,1999,2352,2360,2361,2395,2423,2442,2534,2549,2558,2860,3130,3268,3307,3341,3343,3408,3461,3492,3498,3510,3637,3716,3798,3824,3914,4038,4052,4060,4073,4074,4226,4276,4293,4295,4300,4348,4489,4533,4549,4608,4702,4710,4787,4940,4972,5020,5071,5113,5119,5183,5207,5402,5543,5558,5574,5679,5696,5818,5876,5901,6027,6051,6094,6292,6329,6611,6660,6682,6718,6809,6905,6956,7026,7107,7151,7285,7307,7368,7494,7500,7535,7677,7767,7794,7819,7851,7956,8024,8208,8217,8288,8311,8312,8474,8484,8765,8842,8864,8950,9176,9260,9265,9371,9408,9454,9457,9513,9651,9672,9759,9820,9877,9911
128  2165,3667,4071,4952,5858,6839,7952
8  117,161,213,222,320,638,684,696,824,941,1025,1170,1175,1195,1362,1408,1443,1562,1599,1610,1861,1870,1887,2189,2271,2343,2553,2840,2880,3000,3010,3028,3250,3289,3434,3473,3635,3712,3794,3882,3896,3983,3996,4036,4069,4094,4157,4245,4262,4369,4395,4415,4442,4564,4672,4714,4736,4810,4883,5001,5024,5058,5245,5260,5281,5349,5395,5420,5653,5740,5756,5768,5891,6011,6084,6191,6252,6255,6346,6471,6548,6773,6982,6987,6989,7037,7086,7092,7250,7315,7384,7612,7923,7926,7964,7992,8021,8049,8212,8430,8497,8668,8676,8761,8867,9025,9082,9236,9299,9312,9338,9400,9414,9492,9599,9745,9775,9806,9831,9851
129  396,1105,1614,6055,7604,7962
9  90,146,182,244,522,651,728,755,764,808,845,959,988,1016,1151,1184,1257,1311,1350,1384,1401,1650,1765,1773,1929,2080,2124,2156,2226,2240,2255,2862,2920,2966,3133,3157,3210,3363,3402,3411,3421,3543,3556,3594,3618,3639,3686,3695,3768,3833,3861,3905,3951,4013,4095,4153,4288,4337,4446,4461,4493,4503,4601,4669,4688,4771,5010,5168,5170,5199,5265,5422,5683,5757,5919,5973,6034,6264,6331,6544,6554,6578,6622,6651,6713,6981,7165,7199,7251,7280,7487,7552,7708,7818,7946,8019,8045,8118,8122,8226,8255,8293,8413,8541,8579,8848,8876,8879,8896,8916,9178,9200,9222,9223,9502,9769,9805,9816
20  89,304,308,365,385,389,410,486,530,663,838,883,1055,1234,1263,1413,1429,1828,1995,2259,2472,2653,2654,2680,2767,2916,3082,3274,3360,3385,3441,3516,3531,3677,3766,3836,3949,3961,3977,4017,4087,4151,4173,4196,4209,4344,4519,4559,4565,4683,4784,4993,5035,5064,5097,5482,5601,5758,5866,5881,5898,5935,6079,6080,6357,6370,6499,6699,6774,6824,7048,7430,7775,7828,7843,7998,8005,8046,8140,8236,8289,8429,9014,9118,9128,9208,9571,9640,9663,9830,9937,9943,9945
21  29,49,228,252,319,657,743,761,762,960,1124,1178,1194,1473,1475,1533,1653,2011,2025,2052,2248,2469,2485,2620,2731,2866,3097,3152,3199,3299,3396,3881,3999,4204,4218,4433,4544,4551,4578,5307,5350,5379,5560,5673,5750,5789,5844,5947,6128,6238,6355,6363,6452,6585,6918,6972,7055,7182,7245,7249,7328,7340,7388,7470,7522,7608,7760,7876,8169,8257,8292,8318,8537,8730,8828,9097,9119,9248,9310,9320,9391,9455,9558,9568,9641,9699,9715,9856
22  4,45,51,419,421,467,858,878,932,1019,1245,1317,1449,1454,1469,1633,1661,1782,1803,1885,1909,1949,2005,2067,2726,2764,2885,2970,3172,3423,3685,3902,3937,3969,3986,3992,4015,4086,4200,4308,4356,4427,4430,4438,4475,4772,4794,4893,5042,5076,5141,5242,5277,5493,5499,5514,5546,6344,6359,6362,6476,6538,6589,6595,6777,6788,6820,7358,7521,7684,7691,7802,7997,8552,8616,8806,9171,9365,9447,9451,9606,9754,9834,9840,9908
23  78,82,85,86,352,361,618,620,734,958,1134,1141,1295,1482,1593,1688,1690,1857,1918,2356,2433,2484,2747,2823,2914,3118,3200,3213,3480,3575,3753,3803,3853,4122,4176,4311,4379,4468,4550,4622,4675,4750,4758,4858,4898,4997,5137,5220,5313,5400,5430,5431,5444,5578,5770,5969,6131,6169,6369,6590,6597,6600,6800,6862,7317,7321,7766,7805,7842,8355,8517,8743,8776,8898,9016,9096,9158,9707,9853
24  107,140,569,653,798,839,867,1258,1332,1767,1891,1953,1984,2023,2072,2153,2237,2536,2619,3063,3086,3197,3318,3340,3406,3572,3887,4309,4366,4471,4716,5009,5032,5045,5640,5644,5704,6075,6150,6207,6441,6522,6605,6652,6702,6822,6971,7093,7300,7320,7669,7822,8123,8194,8392,8504,8585,8644,8816,9031,9131,9360,9398,9576,9605,9657,9956
25  126,497,737,954,1393,1493,1519,1581,1638,1757,1776,1964,2000,2109,2265,2288,2329,2904,3141,3271,3455,3465,3482,3628,3665,3726,4096,4115,4154,4355,4668,4836,5021,5261,5568,5759,5782,5978,6059,6106,6113,6225,6642,6980,7207,7228,7243,7260,8036,8050,8085,8166,8322,8435,8475,8532,8632,9006,9541,9740
26  477,495,558,632,648,890,893,1235,1250,1370,1383,1563,1575,1615,1922,2022,2162,2586,2736,2864,2953,3006,3160,3365,3371,3681,4509,4874,5094,5185,5306,5559,5615,5665,5685,5852,5975,6029,6336,6425,6472,6576,6633,6872,7282,7333,7423,7457,7571,7614,7774,7873,7945,7966,7969,8151,8201,8454,8551,8654,8914,8980,9047,9127,9349,9353,9551,9828,9900,9919
27  121,237,658,1436,1591,1683,1860,2002,2049,2642,2689,2827,3239,3691,3935,3982,4024,4163,4282,4467,4886,5019,5096,5355,5417,5480,5793,6209,6304,7072,7350,7826,8246,8295,8405,8584,8652,8989,9120,9220,9669,9886
28  34,46,476,534,810,1232,1298,1446,1568,1620,1911,1912,1936,1996,2045,2464,2652,2723,3596,3714,3950,4156,4166,4267,4641,4700,4824,4916,5152,5433,5728,5763,6230,6465,6746,6814,7077,7195,7489,7515,7623,7668,7720,7858,8012,8458,8505,8934,9051,9126,9344,9749
29  43,44,204,344,386,402,533,548,561,596,681,818,1011,1190,1365,1450,1477,1550,1747,1794,1907,2244,2314,2358,2466,2918,3228,3322,3795,3889,4023,4394,4513,4520,4545,4561,4619,4670,5091,5357,5361,5654,5862,6072,6105,6189,6657,6964,7137,7264,7398,7528,7663,7746,7968,8017,8027,8187,8562,8565,8662,8727,8732,8793,8986,9050,9114,9145,9253,9390,9514,9521,9720,9736,9867,9926
250  4740,5828
130  1071,1547,4995,6577,6756,7295,8346,9692
251  7987
131  1442,1457,1878,2675,2715,2833,3449,3908,5271,8053
252  9730
132  1117,1169,2822,4929,5807,6833
253  5171
133  977,2312,3773,4230,6197,6881,8619,8785,9204,9515
254  5134
134  800,1437,2309,2311,2832,5749,5767,6052,6894,7533
255  6973,7291
135  1168,4834,5537,6875,8320,8569,9308
257  1274,3799
136  1629,4665,5110,6614,7558
137  1544,1552,5928,7121,7715,8449
258  1709
138  1958,5293,6455,6876
259  4679
139  3802,8422
30  333,889,966,1087,1216,1460,1474,1595,1674,1701,1952,2146,2257,2338,2372,2495,2854,2909,2939,3195,3230,3255,3266,3474,3573,3614,3652,3912,4001,4193,4393,4502,4532,4832,5164,5659,5666,5946,6392,6429,6461,6483,6793,6816,6907,7409,7650,8117,8173,8214,8354,8431,8741,8873,9112,9419,9421,9431,9452,9785
31  125,336,341,359,613,952,986,1206,1342,1347,1509,1631,1685,1726,2197,2301,2342,2383,2384,2503,3234,3424,3564,4068,4268,4340,4584,4783,4797,4902,4904,4946,4950,5070,5077,5203,5718,5744,5771,5961,6103,6215,6537,6593,6649,7013,7213,7504,7519,7732,7778,7779,7814,7910,8353,8617,9493
32  302,405,420,474,512,625,633,683,711,713,749,981,1204,1872,1990,2149,2159,2379,2490,2559,2572,2687,3020,3043,3251,3368,3509,3662,3911,3959,4097,4222,4654,4812,4889,4917,5053,5272,5363,5488,6180,6356,6674,6807,6924,6925,7346,7498,7801,7833,8089,8433,9283,9378,9440,9738,9827
33  128,254,338,403,706,754,1233,1416,1463,1621,1698,1735,1797,1851,1917,1959,2116,2218,2444,2483,2599,2746,2874,3319,3414,3491,3630,4106,4313,4479,4515,4616,4642,4743,4747,4951,5191,5427,5868,6342,6419,6446,6720,6849,6938,6995,7158,7414,7567,8068,8210,8326,8615,8658,8917,8995,9098,9113,9274,9563
34  718,759,972,1155,1304,1354,1367,1397,1399,1505,1538,1710,1727,2203,2206,2557,2615,2633,2769,2808,2830,2887,3216,3386,3392,3416,3469,3508,3587,3854,3931,4261,4373,4422,4830,5074,5228,5429,5872,5990,6145,6301,6365,6722,7089,7615,7898,7942,8756,8915,9199,9245,9667,9791
35  326,350,589,885,1512,1892,1904,2062,2528,2771,2786,2972,3013,3232,3850,3872,4034,4047,4506,4852,5186,5250,5341,5378,5518,5719,6044,6163,6219,6241,7024,7123,7547,7855,7919,8339,8371,8400,8604,8778,9005,9034,9048,9094,9437,9671,9701,9713
36  41,234,294,523,1396,1684,2020,2183,2252,2385,2465,2486,2522,2588,2656,2807,3494,3666,3938,4294,4746,4753,4823,4878,5564,5661,5664,5783,6015,6236,6643,7009,7136,7347,7594,7721,7783,7909,7917,8031,8189,8280,8345,8506,8564,8920,8936,8947,9121,9307,9379,9887
37  268,286,483,721,856,995,1327,1360,1798,1937,2085,2949,2992,3018,4114,4500,4649,4744,4780,4840,4971,5098,5351,5401,5812,5840,5954,5970,6121,6616,7046,7541,7616,7635,7638,7768,7934,7937,8554,8587,8592,8595,8697,8821,8937,9160,9244,9278,9581,9675,9783,9837
38  127,195,283,710,908,1027,1029,1030,1433,1479,1672,1703,1927,2306,2671,2678,3475,3578,3735,4147,4514,4527,4709,4790,5039,5381,5550,5600,5942,6124,6360,6428,6703,6805,7178,7217,7509,7676,7963,8586,8657,8693,8767,8931,9038,9123,9286,9526,9653,9810
39  58,342,973,1623,2233,2393,2641,3162,3829,3893,3955,4214,4335,4420,4921,5114,5348,5457,6451,7081,7176,7566,7863,8150,8159,8455,8558,8610,8661,8872,9198,9598
380  7770
260  6530,6860
140  564,1070,2138,7698,9058
261  3201
141  566,1008,2474,7984,8855
142  913,1931,1998,4124,5106,6253,9062
143  4504,5900,7332,8538,8788
144  1121,2399,5873,9193,9941
265  2181
145  276,585,974,2452,5078,6771,9304
266  8013
146  446,1313,2477,3529,4238,4352,4635,4833,6277,6768,6866
147  2042,7313,9490
148  1438,1455,1532,1534,3611,4421,4930,5994,7461
269  9511
149  2130,2182,2821,6527,6966
40  292,709,823,1348,1732,1865,2290,2297,2459,3304,3633,3784,3789,3920,4212,4336,4633,4640,4849,5566,5627,5864,6289,6300,6320,6690,6786,6868,7097,7140,7312,7730,7918,7924,7957,8035,8329,8548,9081,9187,9268,9341,9442,9552,9711
41  77,391,513,559,712,848,850,857,933,1040,1044,1957,1973,2057,2093,2337,2460,2537,2627,2889,3149,3547,3701,3895,5241,5394,5421,5681,5703,5967,6033,6248,6481,6668,6725,7047,7161,7379,7632,7673,8029,8135,8157,8176,8427,8559,8870,9043,9218,9241,9394,9811
42  251,494,729,927,937,1213,1226,1357,1417,1582,1699,1789,1823,2400,2582,2649,3081,3246,3437,3438,3609,3655,3776,3846,3849,4042,4078,4158,4165,4480,4563,4652,4798,5063,5215,5656,5839,5956,5966,6324,6352,7044,7106,7301,7523,7564,7808,8350,8566,8965,9003,9007,9392,9807
43  280,363,687,725,1207,1529,1541,1570,1654,1884,1928,2046,2100,2201,2204,2374,2462,2564,2913,3058,3489,3530,3944,4072,4296,4483,4822,5109,5487,5594,5636,5722,5732,5927,6095,6190,6396,6796,6928,7208,7216,7366,7453,7568,7644,8352,8609,8629,8786,8833,9528,9540,9930,9983
44  67,369,377,441,714,815,880,953,1064,1127,1159,1369,1617,1625,1658,1715,1943,2202,2419,2783,2942,3227,3467,3629,3891,4406,4707,4863,4912,4944,5657,5799,5815,6551,6637,6948,7095,7318,7371,7372,7915,8437,8451,8669,9091,9742
45  249,685,854,855,2373,2493,2639,2716,2818,2863,2941,3565,3767,3774,4201,4445,4792,4844,4911,6464,6594,6835,6930,7226,7424,7579,7733,7932,8203,8421,8468,8880,9028,9516,9668,9855
46  612,704,809,840,938,1444,1607,1818,1841,2281,2566,2739,3060,3085,3694,4033,4107,5204,5298,5648,5706,6161,6244,6498,6630,7531,7630,7888,8182,8366,8696,8754,8962,9342,9386,9865,9978
47  416,551,614,968,1267,1343,2251,2274,2467,2763,2915,3327,3654,3822,4227,4258,4341,4562,4941,5216,5382,5817,5832,5848,5865,5892,5965,6348,6748,6919,7175,7401,7508,7748,7983,8725
48  142,379,382,384,579,607,659,1605,1967,2027,2094,2247,2933,3038,3070,3191,3224,3263,3535,3690,4032,4121,4534,4910,5085,5329,5712,6083,6350,6709,6910,6933,7025,7043,7290,8016,8344,9166,9723,9863
49  17,439,553,1061,1420,1817,1985,2119,2924,3308,3376,3674,3859,4058,4183,5087,5255,5678,6086,6406,6579,6837,7526,7800,8084,8804,8827,8982,9630,9647
150  1114,2335,4315,4996,5781,6311,7327
271  4864,7385
392  6165
151  2552,3557,5507,7041
272  8593
152  2455,3393,5830,6804
153  6195,6628,7197,7417,7927,8502,8792
154  2229,2298,2790,3265,4931,8469,9927
396  3953
155  881,1793,4865,5737,7725,8942
156  957
157  5811,7671
158  2935,6420,6615,9950
159  1102,1470,1675,2869,3226,5043,7916,8296,8578
50  284,505,550,568,860,1132,1378,1553,1898,2515,2561,2601,2651,2809,3306,3351,3472,3551,3675,3700,4208,4349,4949,5213,5248,5477,5669,6321,6542,6588,7088,7369,7514,7683,7972,8165,8811,9380,9436,9557,9839
51  309,346,387,485,731,1205,1655,1842,1924,1997,2622,2691,2730,2917,2985,3127,3164,3744,4019,4045,4560,4896,4935,4937,4943,5780,5930,6144,6281,6449,6613,6893,7098,7275,7520,7970,8274,8729,9272,9565,9898
52  31,354,367,812,998,1128,1691,1808,1827,1986,2095,2108,2176,2209,2402,3395,3828,3922,4004,4148,4241,5496,5541,6130,6199,6448,7203,7640,7648,7823,8113,8904,9077,9239,9420,9456
53  675,849,992,1021,1024,1968,2034,2120,2284,2289,2802,2921,3094,3391,3544,3632,4764,5038,5154,5264,5292,5582,5698,6077,6141,7473,7990,8181,8218,8328,8636,8637,8891,9124,9219,9628,9778,9782
54  337,571,765,1340,1375,1462,1511,1542,1873,1886,1946,1963,2088,2096,2551,2901,3166,3409,3485,4152,4618,4785,4842,5370,5724,5987,5991,6391,6509,6732,6940,7299,7726,7835,7870,8120,8206,8572,8750,9026,9159,9529,9747,9757
55  572,692,780,1329,1491,2155,2895,2955,3158,3462,3885,4088,4603,4887,5490,5958,6900,6943,7039,7590,7657,7837,8142,8656,9731
56  335,472,777,1751,2394,2445,3603,3605,4051,4102,4631,4662,4742,4857,5374,5407,5416,5450,6090,6385,6395,6662,7068,7069,7811,7838,8766,9542
57  581,650,1068,1825,2195,2208,2738,3103,3574,3855,4210,5144,5224,5473,6507,6560,7395,7750,8001,8272,9180,9271,9631,9683,9897
58  153,611,736,832,882,1018,1425,1826,1834,1875,1926,2089,2092,2430,2432,4027,4932,5230,5338,5365,5391,5805,5871,6053,6098,6111,6450,6456,6468,6545,6769,6968,8874,9036,9396
59  447,716,722,723,949,1376,2634,3353,3770,4211,4453,4610,4894,5086,5596,5934,6065,6379,6546,6994,8130,8797
160  1116,6965,7790,9415
281  4539
161  730,1717,1859,4991,6962,7169,8834
282  9134
162  1772,3336
283  5720,7484
163  4490,5065
164  2038,5023,7167
165  6046
166  1784,5434,5902,7565,7722,7949
167  404
288  1858,9480
289  1319,2174
168  4885,8582
169  9449
60  393,947,1062,1099,2387,2581,2959,3165,3223,3356,3490,3650,4063,4417,4829,5620,5802,5968,6834,7230,7254,7472,7751,7824,8010,8590,8683,8805,8850,8944,9444,9466,9642,9878,9925,9966
61  25,149,380,1042,1377,1667,2571,2590,2696,2698,2772,3550,3622,3884,4127,4233,4632,5816,5826,6535,8830,8854,9111,9136,9297,9572
62  33,1748,2446,2846,3354,4516,4706,4986,5061,5157,5387,5461,5645,5675,5834,6469,6533,7076,7577,8155,8424,8513,8847
63  189,345,682,694,784,962,1341,1424,1551,1749,1976,2305,3015,3153,3285,4391,4521,4851,5340,6093,6319,7172,7348,7935,7971,8116,8622,9373,9523
64  318,390,583,770,1041,1600,2737,3219,4537,4655,4880,5688,5899,7237,9143,9266,9583,9899
65  877,2063,2448,2458,2563,2699,3355,3534,3647,3740,4306,4491,5235,5459,5860,6045,6170,6386,6780,6935,7173,7227,7438,7854,8245,8404,8570,8976,9395,9595
66  985,1421,1881,2364,2492,2613,2632,2969,3546,4150,4634,5093,5505,5736,6261,6307,6870,6970,7064,7109,7115,7164,7622,8067,8134,8542,9270,9797,9987
67  1225,1448,1796,1876,1893,2349,2707,3181,3941,3956,4168,4424,4837,4945,5301,5500,5662,6314,6666,7403,7689,8837,9224,9761
68  484,752,814,1618,1714,2061,3111,3362,3504,3837,3878,4091,4125,4271,4862,5002,5486,6186,6271,6539,6867,7198,8071,8370,8539,8777,9012,9917
69  231,788,1089,1458,1611,1822,1895,2296,4062,4098,4289,4645,4826,5234,5609,5953,5992,6330,6640,6693,6998,7101,7433,7948,8486,8630,8780,8789,8807,8808,9296,9527,9733,9962
170  2673,5067,6772,9976
171  1160,1265,2396,9644
172  1180,1536,5995
293  7444
173  7702,8192,8810,9474
174  7611
295  8760
296  4763
175  8557
298  1321
177  2131,6688
178  904,2310,2669,4868,5748,7653,7979
179  2685,6460,8414
70  463,746,763,853,964,1242,1628,1874,1896,2103,2276,2754,2825,3008,3834,4838,6177,6787,7029,7179,7255,8512,9209
71  407,787,1139,1988,2354,2608,2787,3198,3325,3567,3985,4007,4110,4363,4392,4854,5775,5904,6802,6865,7296,7351,7467,8129,8367,8611,9676
72  776,1303,1921,2892,3710,3843,4623,4820,5227,5399,5440,6231,6664,7200,7206,7705,7797,9041,9275,9406,9639,9901,9924
73  1231,1877,2328,2625,3672,4108,4160,4582,4965,5924,6126,6337,6454,6497,7360,7516,7539,7813,8177,8319,8485,8747,9428,9880
74  1889,2083,2179,2190,2593,3003,3333,3566,3764,5289,6040,6223,6792,6996,8779,9039,9072
75  208,493,983,1063,1325,2381,3280,3623,3910,3928,4079,4236,5196,5579,6135,6470,6534,6621,7696,7864,9322
76  924,1193,1502,1705,2115,2143,2529,3305,3848,4113,4738,4809,5952,5962,6206,7629,8445,8782
77  820,905,975,1156,1837,1882,2927,3231,3925,3978,6104,6120,6167,6250,6532,6848,8310,8571,8736,9847
78  1028,1434,1899,2039,2207,2824,3626,3643,4540,6125,6203,6480,6592,6704,7059,7071,8249
79  835,965,1645,1902,2145,2413,2562,2702,3027,3649,3903,4908,4984,6249,6313,7005,9288,9500,9612
180  5041,5727,9403
181  5974
182  1778,4637,4947,9376
183  4876,7667,9703
184  6632
185  212,1476
186  5869,7034,9361,9914
187  6484,7899
188  4085,6297
189  846,1579,5841,8393
80  693,2961,3218,3715,4436,4806,4825,4827,5081,5249,5993,6564,8223,9986
81  331,357,1989,2457,2789,3007,4346,4484,4535,5062,5162,5180,5536,5542,6697,6743,7364,7812,7913,7925,7985,8008,8700,9405,9546
82  600,911,1294,2111,2112,3446,3957,4463,5142,5386,6172,6196,6670,6946,7944,7947,7953,8829,9709,9800
83  332,899,1146,2370,4008,4448,5435,5451,5734,6757,6898,7375,7488,8221,8906,9798
84  2839,4030,5231,5725,5810,6085,7168,8528,9135,9879
85  355,744,963,1183,1492,1854,2114,2315,2351,2567,2740,4627,4850,4881,5295,7678,8470,9722,9821,9969
86  38,2937,4507,4767,6339,6861,8066,9287
87  492,740,1009,1282,1801,3692,3786,8207,8285,9387,9728
88  489,946,1923,3009,3259,4476,5155,5342,5842,5989,6022,6060,6508,7028,7065,7537,7829,8065,8092,8800,9068,9697
89  397,1516,2269,2330,2403,2814,4260,4266,4426,5107,6013,6020,6032,6608,7376,9592,9719
190  4819,9656
191  3818
192  2946,3205,5396,8242,8287
193  1230,7570
194  2943,7603,8199
195  2945,4788
196  976,3921,6368,7314
197  4472,4879
198  1713,1863,4046,5018,7510
199  8887
90  10,481,516,518,1472,1651,3431,3457,3831,3838,4216,6043,6389,7846,8751,9384,9664,9725
91  69,296,825,955,1022,2826,2971,3163,3264,3597,3863,4286,4586,4626,5485,5996,5997,6639,6969,7001,7440,8651,8671,8724,9064,9718
92  691,758,2187,3100,3420,4264,4290,5263,5315,5352,5504,6042,8200,8453,8588,9894
93  307,806,1279,1280,1439,1983,2463,3252,3728,4423,6116,6604,6609,6873,7148,7782,8110,8409,9181,9377,9535
94  4181,4390,4425,4624,4737,5003,5388,5813,6115,7804
95  1133,1742,3300,4039,5764,6407,6922,7359,7466,7896,8425,8961,8969,9210,9230,9590
96  678,901,1179,1281,2186,2263,2340,3242,4625,7145,7231,7693,8316,9331
97  573,1034,1507,2064,2695,2697,2888,5384,5631,6349,6954,7727,7803,8313,8446,9536
98  211,500,1549,2884,3281,5616,6694,6811,6836,7456,8540,9716
99  394,698,1122,2018,2873,4029,4343,4828,5850,6490,7266
771  7672
410  2773
300  3991
301  7292,9737
302  7432
305  4705,6127
429  1212
308  8456
431  5806
314  4517
318  9351
319  7534
200  1306,5377
321  1323
201  608,970,4638
1423  701
203  2135,7928
204  6695,7223,7763,8459
205  1535,7816
206  2322,4444,6416
207  443,8857,9402
208  3339,6458
209  426,6377
1427  5467
690  7365
1437  287,1495,8039,9779
1436  990,5178,8233
210  7370
1435  3702,9355
332  8941
1434  1489,3161
212  7170,8277,8519
1433  708
213  3981,5393
215  4450,4497
337  2151
218  1197,8884
219  1237
1439  8739,9473
1438  1659,8819
340  2390
341  2323
221  868,3471,4179,4474
100  1163,2059,2210,3292,3806,4643,5182,5510,5701,7789,8011,9634,9967
222  956,2856
101  1065,1191,1192,2191,2416,6041,6418,6435,7051,7965,8596,9801
585  5256
102  3142,4130,5122,5526,5684,6790,7112,8480
223  7003,8795
103  373,1161,4170,4314,5909,5988,6479,8450
345  1320
224  1804
225  135,5808
104  491,630,1777,2028,2408,2679,2858,3320,4786,6373,7036,9206,9498
105  415,1278,1345,1942,4265,4372,4401,5083,5088,5189,5959,6198,6803,7943,8918
106  1723,2006,3107,4477,4757,6983,7408,8979
107  978,1072,1236,1721,3326,4396,5941,5960,7978,8153,9162
228  3615
108  1023,1268,2043,2168,2180,5225,6003,6567,7380,8102,9430
109  771,3204,4522,6692,6735,6967,7930,9739
