JAX  198,203,207,212,216,220,1930,1933,1935,1938,1941,1944
RAP  902,923
KTN  1154,1155,1158,1161,1162,1165,1166,1170,1171,1176,1177,1210,1211,1222,1223,1228,1229,1234,1235,1240,1241,1246,1247,1262,1264,1270,1272,1279,1281,1285,1287,1291,1293,1296,1298,1302,1304,1309,1311,1315,1317,1320,1322,1355,1356,1361,1362,1369,1370,1376,1377,1382,1383,1388,1389,1409,1412,1413,1416,1417,1420,1421,1424,1425,1428,1429
BRW  945,947,953,958,962,966,967,972,979,987,992,996
HNL  4,9,14,18,22,29,34,38,42,50,59,63,68,72,79,86,89,94,99,102,105,107,109,111,113,115,117,126,131,136,141,147,150,154,156,158,161,163,165,167,168,171,172,174,175,178,179,183,187,190,192,194,199,204,209,213,217,223,226,232,236,237,238,240,247,254,257,272,279,281,283,286,292,302,306,310,318,327,332,335,337,339,342,345,346,348,350,354,357,363,369,373,377,379,386,393,396,399,402,405,407,408,410,415,418,419,420,457,461,464,465,470,477,483,485,487,494,502,505,507,509,515,523,527,533,539,578,584,588,591,594,597,671,674,677,679,681,683,684,690,696,698,805,811,814,817,819,822,825,832,838,840,898,903,906,909,912,917,924,927,930,933,946,949,954,959,963,970,974,982,990,994,1010,1015,1018,1035,1041,1411,1415,1419,1423,1427,1434,1438,1442,1446,1450,1486,1489,1492,1495,1498,1501,1502,1503,1504,1505,1543,1546,1556,1566,1586,1590,1594,1601,1605,1634,1639,1642,1644,1647,1654,1658,1661,1665,1675,1701,1774,1784,1788,1792,1795,1798,1802,1818,1821,1828,1834,1842,1849,1852,1859,1864,1867,1871,1879,1887,1890,1906,1915,1920,1923,1975,1977,1980,1984
STL  274,275,294,296,672,1840,1841,1847,1848
CLT  971,975,983,991,995
XNA  1190,1252
SLC  1455,1458,1460,1463,1466,1469,1470,1472,1474,1477,1480,1483,1826,1827,1832,1833,1876,1877,1882,1883
DFW  105,107,111,119,123,128,133,138,142,145,148,151,155,157,159,161,165,168,172,175,179,1795,1798,1802
SDF  478,480
CDV  1179,1182,1186,1189,1193,1196,1198,1201,1204,1207,1328,1329,1334,1335,1340,1341,1345,1346,1349,1350
CMH  358,364,918
MIA  411,685,687,691,693,1024,1030
LGB  75,76,81,82,736,1218,1219,1411,1415,1419,1423,1427,1434,1438,1442,1446,1450,1456,1459,1461,1464,1467,1471,1473,1475,1478,1481
LGA  228,234,425,491,492,498,499,581,583,867,872,875,879,887,895,897,901,905,908,911,914,916,919,922,926,929,932,935,1212,1224,1230,1236,1242,1248,1947,1950
MYR  1036,1042,1045,1048,1052,1057,1060,1069,1078,1081,1820,1823,1829,1836,1843,1961,1966
GEG  526,1668,1669,1671,1673,1676,1978,1979,1981,1982,1985,1986
AZA  1569,1615
SMF  76,82,244,251,354,357,363,369,373,377,379,386,393,396,503,553,561,1132,1138,1142,1146,1150,1156,1160,1164,1167,1173
SEA  2,7,12,21,25,28,32,37,41,48,56,58,62,66,71,78,84,85,88,93,98,101,104,146,149,152,160,162,166,169,173,176,177,180,181,182,186,188,191,193,195,197,202,206,221,224,230,239,245,252,253,255,256,258,259,261,265,276,290,295,296,299,304,308,316,324,326,331,333,341,344,347,349,351,352,355,361,367,370,374,376,378,385,392,394,397,399,401,402,403,405,407,408,409,410,414,415,416,418,419,420,421,433,435,436,441,456,459,462,475,476,481,486,493,500,501,502,504,505,506,507,509,515,523,527,533,539,544,545,546,547,554,555,562,563,564,565,566,568,571,573,574,576,579,585,589,599,603,607,610,616,622,644,651,655,658,663,668,680,682,719,723,728,731,733,734,737,740,743,747,750,775,778,781,907,910,913,1065,1074,1083,1087,1090,1124,1127,1130,1155,1158,1162,1166,1171,1177,1181,1188,1195,1200,1206,1210,1222,1228,1234,1240,1246,1254,1256,1258,1262,1270,1279,1285,1291,1298,1304,1311,1317,1322,1330,1336,1342,1347,1351,1356,1362,1370,1377,1383,1389,1391,1394,1398,1401,1404,1407,1409,1413,1417,1421,1425,1429,1454,1457,1462,1465,1468,1506,1507,1508,1510,1511,1512,1514,1516,1518,1522,1523,1525,1526,1527,1528,1549,1551,1552,1554,1557,1559,1562,1564,1567,1568,1570,1571,1572,1574,1576,1578,1581,1584,1587,1591,1593,1595,1597,1599,1602,1606,1608,1610,1613,1617,1620,1623,1625,1627,1630,1635,1636,1645,1648,1650,1652,1655,1659,1663,1666,1668,1669,1671,1673,1676,1678,1679,1681,1682,1683,1685,1687,1688,1689,1690,1691,1692,1693,1694,1696,1698,1699,1700,1705,1706,1707,1708,1710,1718,1721,1724,1772,1776,1780,1789,1793,1805,1809,1811,1814,1816,1818,1821,1828,1834,1842,1849,1850,1853,1869,1874,1880,1884,1888,1891,1904,1907,1912,1918,1921,1924,1926,1937,1940,1943,1945,1946,1948,1951,1954,1957,1962,1967,1970,1973,1974,1976,1978,1979,1981,1982,1985,1986,1994,1997
HOU  45,53,74,75,80,81,91,96,110,114,200,227,228,233,234,241,243,248,250,274,284,287,312,320,328,359,365,382,389,411,412,467,468,472,473,488,490,495,497,510,512,516,518,529,530,535,536,549,550,557,558,613,614,619,620,662,667,686,688,692,694,703,705,709,711,746,749,767,768,772,773,828,829,835,836,847,849,854,856,860,864,882,885,890,893,919,920,937,938,950,952,955,957,960,961,964,965,976,984,1022,1023,1028,1029,1062,1063,1071,1072,1117,1122,1168,1169,1174,1175,1185,1192,1216,1218,1266,1267,1275,1276,1947,1950
IAH  1760,1762,1766,1768
MAF  468,473,768,773
CVG  950,955
RSW  46,54,229,235,262,273,479,480
BLI  246,1569,1615,1632
SMX  1102,1104,1114
YAK  1180,1182,1187,1189,1194,1196,1199,1201,1205,1207,1329,1331,1335,1337,1341,1343,1346,1348,1350,1352
TPA  293,297,413,425,583,803,867,870,872,875,879,887,895,897,901,905,908,911,914,916,922,926,929,932,935,1106,1672,1674,1677,1684,1686,1837,1844
FLL  3,5,8,10,13,15,17,19,23,26,30,35,39,43,49,51,57,60,64,69,73,121,122,125,127,129,132,135,137,140,144,582,843,862,1250,1410,1414,1418,1422,1426,1430,1433,1437,1441,1445,1449,1453,1529,1530,1531,1537,1539,1540,1611,1614,1618,1621,1626,1628,1629,1631,1633,1637,1741,1744,1751,1757,1764,1771,1773,1777,1781,1786,1790,1794,1820,1823,1829,1836,1843
SNA  242,244,249,251,551,553,559,561,592,595,598,633,653,661,666,928,931,934,1137,1141,1159,1163,1307,1365,1396
HPN  1695,1697,1702
BDL  479,1364,1372,1379,1385
BLV  1657,1670
ABQ  808,1294,1300,1306,1313,1324,1325,1332,1338,1344,1353,1509,1519,1746,1753,1824,1830
BUF  293,1585,1588,1589,1592,1596,1796,1799,1803,1806,1812,1817
ONT  695,697,699,722,1110,1113,1119,1486,1489,1492,1495,1498,1501,1502,1503,1504,1505,1897,1900,1903
PHL  433,435,528,534,569,579,585,589,599,603,607,610,616,622,724,729,738,744,978,986,1037,1038,1704,1714,1925,1927,1928,1929,1931,1934,1936,1939,1942,1983,1998
KOA  1109,1112,1118,1123,1126,1129,1131,1136,1140,1144,1148,1152,1178,1184,1191,1197,1203,1213,1225,1231,1237,1243,1326,1333,1339,1359,1367,1374,1906,1915,1920,1923
SFO  223,226,232,236,237,238,240,247,254,257,267,269,271,277,280,282,285,288,289,291,298,300,303,305,307,309,315,317,323,325,508,514,520,632,635,637,640,643,652,656,659,664,669,769,774,776,779,783,785,786,788,790,791,792,795,798,800,802,1010,1015,1018,1035,1041,1513,1515,1517,1520,1521,1524,1808,1810,1813,1815,1865,1868
BUR  1825,1827,1831,1833
PHX  164,347,349,351,392,394,397,648,650,671,674,677,679,681,683,684,690,696,698,713,716,718,1100,1135,1145,1149,1153,1391,1394,1398,1401,1404,1407,1731,1733,1736,1738,1739,1740,1743,1749,1750,1756,1770,1775,1779,1785,1801,1804,1869,1995,1996,1999
RDU  1598,1600,1603,1604,1607,1609,1797,1800,1807,1819,1822,1835
COS  881,889,951,956
MKE  1100,1748,1749,1755,1756,1839,1846
MSO  1365,1396
PIA  852,876
LIH  1249,1251,1253,1255,1257,1259,1265,1274,1282,1288,1358,1366,1373,1380,1386,1393,1397,1400,1403,1406,1852,1859,1864,1867
MSP  343,678,753,759,763,765,777,780,784,787
DAL  44,45,52,53,74,80,90,91,95,96,110,114,227,229,233,235,242,243,249,250,284,287,311,312,319,320,328,330,359,360,365,366,380,382,387,389,467,469,472,474,489,490,496,497,510,511,516,517,528,529,534,535,549,552,557,560,614,620,661,662,666,667,685,686,691,692,703,706,709,712,746,749,766,767,771,772,807,808,826,828,833,835,847,850,854,857,860,864,881,882,889,890,937,951,952,956,957,961,965,976,977,984,985,998,1021,1022,1027,1028,1061,1062,1070,1071,1116,1117,1121,1122,1168,1174,1185,1192,1216,1267,1276,1746,1747,1753,1754,1759,1760,1765,1766,1953,1956
OGG  119,123,128,133,138,142,145,148,151,155,157,159,260,263,264,266,268,270,424,428,431,432,434,439,443,446,450,453,545,547,555,563,565,568,571,573,574,576,580,587,590,593,596,600,605,608,611,617,624,634,636,638,641,645,654,657,660,665,701,702,708,715,717,721,725,727,730,732,735,739,742,745,748,752,758,762,764,770,776,779,783,786,790,792,793,795,796,798,799,800,802,806,812,815,844,846,853,859,863,868,873,877,880,888,1056,1059,1068,1077,1085,1089,1093,1095,1132,1138,1142,1146,1150,1156,1160,1164,1167,1173,1456,1459,1461,1464,1467,1471,1473,1475,1478,1481,1871,1879,1887,1890
BET  804,809,813,816,818,820,821,823,830,837,839,841,842,845,851,858,861,865,866,871,874,878,886,894
MCI  44,46,52,54,329,330,1988,1989,1992,1993
MSY  884,885,892,893,1169,1175
SGF  1001,1092
BNA  313,321,400,466,471,625,629,754,756,1157,1801,1804,1855,1856,1860,1861,1960,1961,1965,1966
ALB  1611,1614,1618,1621,1626,1628,1629,1631,1633,1637
MCO  164,182,186,188,191,193,195,290,299,304,308,316,324,352,355,358,360,361,364,366,367,370,374,376,378,385,544,546,554,569,601,672,719,723,728,731,733,769,774,785,788,791,883,884,891,892,968,973,980,988,993,997,999,1000,1003,1004,1006,1011,1038,1111,1115,1120,1125,1128,1133,1134,1135,1139,1143,1147,1151,1327,1573,1575,1577,1579,1582,1583,1585,1586,1588,1589,1590,1592,1594,1596,1601,1605,1612,1616,1619,1622,1624,1695,1697,1702,1838,1839,1845,1846,1851,1854,1858,1863,1866,1873,1886,1889,1893,1895,1898,1901,1905,1908,1913,1919,1922,1949,1952,1955,1963,1968,1971
ATL  612,618,753,759,763,765,777,780,784,787,1083,1087,1090,1214,1555,1558,1560,1563,1565,1720,1723,1726,1728,1732,1734,1735,1737,1742,1745,1752,1758,1759,1765,1778,1782,1787,1791
PIT  412,413,704,710,1612,1616,1619,1622,1624
LAS  33,67,109,113,115,117,126,130,131,136,141,147,150,153,154,156,158,163,167,171,174,178,184,185,208,222,225,231,246,278,301,327,332,334,335,336,337,338,339,340,342,345,346,348,350,372,395,398,404,406,438,440,445,449,460,463,482,484,503,526,550,551,558,559,580,586,587,590,593,596,600,604,605,608,611,617,676,689,700,707,720,726,741,761,782,789,797,801,810,824,831,852,876,899,902,923,940,948,969,971,975,981,983,989,991,995,1001,1009,1014,1034,1040,1051,1055,1058,1067,1076,1080,1084,1088,1091,1092,1094,1096,1098,1099,1101,1102,1103,1104,1105,1107,1108,1114,1116,1121,1137,1141,1159,1163,1172,1183,1190,1202,1214,1217,1252,1273,1509,1519,1532,1536,1545,1548,1561,1580,1632,1641,1657,1670,1680,1701,1703,1712,1763,1769,1783,1810,1815,1825,1831,1865,1868,1875,1881,1909,1914,1932,1958,1959,1964,1969,1972,1990
LAX  1,4,6,9,11,14,16,18,20,22,24,27,29,31,34,36,38,40,42,47,50,55,59,61,63,65,68,70,72,77,79,83,86,87,89,92,94,97,99,100,102,103,106,108,112,116,118,120,124,134,139,143,183,187,190,192,194,196,199,201,204,205,209,210,213,214,217,218,260,263,264,266,268,270,423,427,437,442,444,447,448,451,452,454,455,521,524,531,537,540,542,562,564,566,578,584,588,591,594,597,602,606,609,615,621,624,634,636,638,641,645,654,657,660,665,680,682,755,756,803,1056,1059,1068,1077,1085,1089,1093,1095,1106,1109,1112,1118,1123,1126,1129,1131,1136,1140,1144,1148,1152,1178,1184,1191,1197,1203,1213,1225,1231,1237,1243,1249,1251,1253,1255,1257,1259,1265,1274,1282,1288,1364,1372,1379,1385,1529,1530,1531,1537,1539,1540,1675,1741,1744,1751,1757,1764,1771,1773,1775,1777,1779,1781,1785,1786,1790,1794,1875,1876,1881,1882,1910,1911,1916,1917,1994,1997
ATW  33,67
ITO  1774,1784,1788,1792,1975,1977,1980,1984
IDA  130,153,170,189
ELP  184,278,301
LBB  90,95
JFK  1,3,6,8,11,13,16,17,20,24,26,27,31,36,40,47,49,55,57,61,65,70,77,83,87,92,97,100,103,146,149,152,160,196,201,205,210,214,218,261,265,267,269,271,277,280,282,285,288,289,291,298,300,303,305,307,309,315,317,323,325,341,344,422,423,426,427,429,437,442,444,448,452,455,508,514,520,521,524,531,537,540,542,602,606,609,615,621,670,673,675,946,949,954,959,963,970,974,982,990,994,1008,1013,1017,1020,1026,1032,1033,1039,1044,1047,1050,1054,1124,1127,1130,1254,1256,1258,1294,1300,1306,1313,1324,1325,1332,1338,1344,1353,1455,1458,1460,1463,1466,1469,1470,1472,1474,1477,1480,1483,1513,1515,1517,1520,1521,1524,1527,1528,1533,1534,1535,1538,1541,1542,1544,1547,1550,1553,1573,1575,1577,1579,1582,1583,1598,1600,1603,1604,1606,1607,1608,1609,1638,1640,1643,1646,1649,1651,1653,1656,1660,1662,1664,1667,1709,1711,1713,1715,1716,1717,1719,1722,1725,1727,1729,1730,1796,1799,1803,1806,1812,1817,1870,1872,1878,1885,1892
ADQ  211,215,219,751,757,760,896,900,904,915,921,925,936,939,941
CHS  1061,1064,1070,1073,1392,1395,1399,1402,1405,1408
JNU  1154,1161,1165,1170,1176,1180,1181,1187,1188,1194,1195,1199,1200,1205,1206,1208,1209,1220,1221,1226,1227,1232,1233,1238,1239,1244,1245,1260,1261,1268,1269,1277,1278,1283,1284,1289,1290,1295,1297,1301,1303,1308,1310,1314,1316,1319,1321,1330,1331,1336,1337,1342,1343,1347,1348,1351,1352,1354,1357,1360,1363,1368,1371,1375,1378,1381,1384,1387,1390,1412,1416,1420,1424,1428,1431,1432,1435,1436,1439,1440,1443,1444,1447,1448,1451,1452,1454,1457,1462,1465,1468,1484,1485,1487,1488,1490,1491,1493,1494,1496,1497,1499,1500,1506,1507,1508,1510,1511,1512,1514,1516,1518
RFD  940,948
RNO  1009,1014,1034,1040,1051,1080,1533,1534,1535,1538,1541,1542,1544,1547,1550,1553
BWI  478,548,556,581,582,646,647,754,938,1021,1024,1027,1030,1250,1857,1862
EUG  334,417,430,1783
PBI  1008,1013,1017,1020,1026,1032,1033,1039,1044,1047,1050,1054,1212,1224,1230,1236,1242,1248
BOI  1215,1217,1641,1680
AUS  775,778,781,807,869,1543,1546,1556,1566
CID  1990
SHV  1183
MDW  262,313,314,321,322,343,383,384,390,391,489,492,496,499,513,519,687,693,706,712,849,856,977,978,985,986,1037,1064,1065,1073,1074,1894,1896,1911,1917,1953,1956,1960,1965,1989,1993,1995,1999
DCA  2,7,12,21,25,28,32,37,41,48,56,58,62,66,71,78,84,85,88,93,98,101,104,106,108,112,116,118,120,124,134,139,143,511,513,517,519,998,1747,1748,1754,1755,1837,1841,1844,1848,1856,1861
PSG  1261,1263,1269,1271,1278,1280,1284,1286,1290,1292,1297,1299,1303,1305,1310,1312,1316,1318,1321,1323
BOS  197,198,202,203,206,207,212,216,220,239,245,252,253,255,256,258,259,276,353,356,362,368,371,375,436,441,456,459,462,475,567,570,572,575,577,623,631,632,635,637,639,640,642,643,652,656,659,664,669,678,714,968,973,980,988,993,997,999,1000,1003,1004,1006,1392,1395,1399,1402,1405,1408,1410,1414,1418,1422,1426,1430,1433,1437,1441,1445,1449,1453,1639,1642,1644,1647,1654,1658,1661,1665,1672,1674,1677,1684,1686,1930,1933,1935,1938,1941,1944
ROC  1134
PSP  417,430,1522,1523,1525,1526
MEM  208,222,225,231,1555,1558,1560,1563,1565
ANC  211,215,219,751,757,760,804,809,813,816,818,820,821,823,830,837,839,841,842,845,851,858,861,865,866,871,874,878,886,894,896,900,904,915,921,925,936,939,941,945,947,953,958,962,966,967,972,979,987,992,996,1002,1005,1043,1046,1049,1053,1066,1075,1079,1082,1179,1186,1193,1198,1204,1208,1220,1226,1232,1238,1244,1260,1268,1277,1283,1289,1295,1301,1308,1314,1319,1328,1334,1340,1345,1349,1354,1360,1368,1375,1381,1387,1431,1435,1439,1443,1447,1451,1476,1479,1482,1484,1487,1490,1493,1496,1499,1549,1551,1552,1554,1557,1559,1562,1564,1567,1568,1570,1571,1572,1574,1576,1578,1581,1584,1587,1591,1593,1595,1597,1599,1602,1610,1613,1617,1627,1630,1635,1636,1645,1648,1650,1652,1655,1659,1663,1666,1678,1679,1681,1682,1683,1685,1687,1688,1689,1690,1691,1692,1693,1694,1696,1698,1699,1700,1705,1706,1707,1708,1710,1718,1721,1724,1772,1776,1780,1789,1793,1805,1811,1816,1850,1853,1884,1888,1891,1904,1907,1912,1918,1921,1924,1926,1937,1940,1943,1945,1946,1948,1951,1954,1957,1962,1967,1970,1973,1974,1976
OAK  424,428,431,432,434,439,443,446,450,453,530,536,722,736,810,824,831,898,903,906,909,912,917,924,927,930,933,1358,1366,1373,1380,1386,1393,1397,1400,1403,1406,1910,1916
IND  458,827,834,848,850,855,857,869,870,883,891,1327
SIT  1209,1211,1221,1223,1227,1229,1233,1235,1239,1241,1245,1247,1355,1357,1361,1363,1369,1371,1376,1378,1382,1384,1388,1390,1432,1436,1440,1444,1448,1452,1485,1488,1491,1494,1497,1500
ORD  5,10,15,19,23,30,35,39,43,51,60,64,69,73,122,127,132,137,326,331,333,401,403,409,414,416,421,466,469,471,474,476,481,486,493,500,501,504,506,627,644,651,655,658,663,668,734,737,740,743,747,750,1326,1333,1339,1359,1367,1374,1870,1872,1878,1885,1892
CRP  200,241,248,488,495,512,518,960,964,1023,1029,1063,1072,1266,1275
SAN  272,279,281,283,286,292,302,306,310,318,353,356,362,368,371,375,400,629,630,701,702,708,715,717,721,725,727,730,732,1638,1640,1643,1646,1649,1651,1653,1656,1660,1662,1664,1667,1761,1763,1767,1769,1899,1902
ORF  625
BHM  601,899
DTW  714,1958,1959,1964,1969,1972
SAT  380,384,387,391,646,688,694,766,771,1086,1838,1840,1845,1847,1932
SAV  311,314,319,322,548,552,556,560,1157
SJC  185,295,440,628,630,805,811,814,817,819,822