88  38,691,692,788,1009,1351
89  516,717,924,1060,1380,1590
193  608,1579
196  1237
110  626,1164,1437,1777
112  1281,1878
233  1709
113  605,1901
235  1230
115  464,1071,1105,1442,1629,1915
117  10,396,1236
90  367,825,1267,1742
238  868
91  491,492,698,1424
118  873
92  951,1714
93  307,374,1023,1989
94  394,1072,1179
95  149,1702
96  630,1280
97  355,1034,1516
10  43,76,225,333,456,498,689,755,884,1003,1016,1020,1112,1194,1254,1262,1370,1482,1572,1594,1656,1762,1870
98  211,1163
11  91,107,265,319,465,577,799,838,871,887,1222,1228,1295,1411,1602,1653,1676,1776,1809,1887,1940
99  1185,1919
12  45,89,283,336,340,471,487,632,665,830,869,910,926,958,1384,1401,1494,1563,1599,1608,1612,1631,1648,1726,1747,1797,1840,1892
13  123,204,217,240,360,421,453,455,468,543,567,574,664,705,739,773,888,982,990,1120,1245,1261,1451,1454,1485,1501,1630,1712,1918
14  328,462,580,613,712,742,890,987,1382,1460,1478,1504
15  30,54,108,124,131,141,258,459,618,944,1218,1252,1367,1399,1647,1650,1907
16  34,94,160,326,359,893,954,961,1125,1475,1484,1642,1644,1743,1912,1927
17  86,250,604,642,696,697,894,996,1216,1244,1393,1474,1677,1995
18  85,312,533,549,710,878,900,908,986,1213,1633,1710
19  46,122,341,653,757,906,1190,1195,1298,1342,1416,1435,1463,1831,1909,1984
240  1274
120  1031
0  1,2,5,8,9,11,14,16,18,20,21,22,23,24,26,27,28,32,36,40,47,48,53,57,60,61,63,65,68,70,71,72,74,79,80,83,87,88,92,97,98,99,100,102,103,104,105,106,110,111,113,114,115,117,119,120,132,133,134,138,139,140,144,145,147,148,150,151,154,155,156,157,158,159,161,163,165,166,168,169,171,172,173,174,175,176,177,179,181,182,183,184,185,187,188,190,191,192,194,196,200,201,205,209,210,214,220,221,223,228,229,230,232,233,236,237,241,248,253,255,256,259,260,261,264,266,267,269,270,271,274,275,277,278,282,285,287,288,289,291,293,297,298,301,303,305,315,317,322,323,324,325,327,339,356,358,362,364,365,368,371,372,375,378,392,398,404,408,413,414,417,422,423,424,425,426,427,428,429,430,431,432,433,434,437,438,440,442,444,445,448,449,452,457,460,461,475,478,479,480,503,506,507,508,509,514,515,519,520,522,524,528,529,530,531,535,536,538,539,540,542,544,545,546,547,552,554,557,560,563,565,575,576,582,586,588,591,592,594,596,597,599,602,603,606,609,610,615,616,617,622,623,624,629,634,635,636,638,639,640,641,643,644,645,647,648,649,651,652,654,655,656,658,660,662,667,668,670,672,674,677,679,681,695,699,700,701,702,715,720,728,732,735,745,760,764,768,769,775,778,779,783,786,789,795,801,803,804,805,807,808,813,816,817,819,821,829,836,842,845,851,852,859,862,863,864,866,870,874,876,879,895,897,902,907,909,912,914,915,916,918,919,920,923,925,928,929,930,940,942,945,946,948,959,969,980,988,989,993,994,1002,1006,1007,1014,1017,1025,1026,1033,1036,1039,1044,1046,1047,1048,1050,1051,1054,1057,1058,1066,1069,1075,1076,1078,1081,1088,1096,1101,1106,1107,1108,1109,1110,1113,1118,1123,1126,1128,1129,1131,1136,1137,1140,1144,1147,1148,1150,1151,1152,1153,1157,1161,1166,1167,1171,1172,1175,1178,1180,1181,1184,1188,1189,1202,1203,1206,1208,1209,1210,1211,1215,1219,1221,1223,1226,1229,1232,1248,1253,1255,1256,1257,1260,1264,1268,1273,1275,1284,1285,1286,1287,1290,1291,1292,1293,1296,1299,1302,1303,1307,1308,1309,1310,1312,1314,1315,1316,1318,1322,1326,1329,1333,1335,1337,1338,1345,1352,1358,1361,1363,1366,1371,1386,1387,1402,1403,1405,1406,1407,1409,1418,1427,1428,1430,1431,1439,1452,1453,1456,1459,1461,1464,1466,1467,1471,1480,1481,1486,1487,1488,1489,1491,1495,1498,1510,1513,1515,1517,1521,1524,1526,1527,1530,1535,1540,1545,1555,1562,1565,1567,1568,1570,1573,1574,1580,1583,1585,1587,1589,1592,1597,1601,1604,1606,1609,1616,1622,1624,1626,1635,1636,1637,1640,1641,1643,1646,1649,1659,1660,1661,1662,1663,1664,1665,1666,1671,1678,1679,1680,1681,1686,1688,1693,1694,1695,1696,1697,1706,1708,1711,1716,1720,1722,1728,1733,1736,1737,1740,1744,1746,1754,1757,1758,1759,1760,1764,1765,1766,1768,1771,1773,1775,1779,1781,1783,1785,1790,1791,1795,1800,1801,1802,1805,1806,1807,1810,1811,1814,1816,1820,1824,1826,1829,1832,1836,1838,1843,1844,1855,1857,1860,1864,1871,1885,1897,1900,1905,1908,1913,1914,1922,1925,1930,1932,1934,1936,1939,1941,1948,1951,1954,1955,1956,1960,1961,1962,1965,1966,1971,1972,1975,1980,1985,1993
121  1353,1457
1  6,73,178,216,244,663,684,688,741,753,792,1004,1080,1158,1220,1408,1412,1531,1554,1668,1669,1745,1753,1833,1866,1910
122  1169
2  167,406,412,450,488,676,707,991,1001,1077,1177,1334,1638,1792,1819,1890
123  1692
3  90,164,180,198,235,281,366,395,690,762,858,941,1092,1170,1324,1349,1356,1359,1374,1391,1514,1687,1769,1788,1803,1856,1917,1929,1969,1974
124  800
4  146,197,242,286,348,418,419,467,578,601,619,671,726,772,843,865,939,1019,1311,1400,1426,1445,1447,1506,1528,1560,1571,1634,1738,1867,1869,1879,1911,1999
125  853,1675
5  320,399,521,761,837,898,1100,1134,1176,1288,1381,1394,1432,1449,1469,1503,1627,1731,1794,1835
126  811,1168,1385
6  126,136,137,227,272,304,400,486,502,569,756,824,1174,1277,1300,1564,1566,1577,1578,1610,1620,1767,1782
127  1008,1547
7  101,143,247,290,411,451,584,637,883,1032,1052,1135,1154,1165,1350,1413,1569
8  39,199,273,310,436,527,646,661,891,967,1090,1095,1173,1196,1263,1339,1362,1392,1398,1404,1520,1786,1953
9  75,116,130,213,222,334,405,420,749,798,960,1124,1234,1276,1283,1473,1533,1559,1682,1724,1727,1977
20  81,257,308,349,555,708,709,932,979,1029,1067,1328,1429,1529,1556,1683,1849
21  13,42,268,370,495,497,620,754,810,885,1099,1247,1317,1872,1949
22  142,534,727,867,1098,1304,1446,1477,1497,1509,1542,1550,1591,1865,1952
23  152,186,252,338,353,512,633,713,794,1115,1127,1141,1450,1505,1586,1621,1672,1689,1964
24  82,109,170,385,523,650,889,1038,1360,1493,1690,1944,1996
25  51,78,121,280,968,1093,1433,1436,1465,1496,1519,1557,1581,1715,1751,1798
26  50,389,476,558,607,781,857,903,971,1055,1155,1243,1619,1698,1735,1861,1891
27  306,309,441,666,718,719,731,818,848,966,1111,1383,1479,1483,1699
28  127,344,363,494,973,1087,1143,1595,1990
29  44,62,77,335,526,541,657,683,711,854,1235,1297,1652,1729,1732,1959
252  55
131  1121,1122,1931
132  1894
133  593,1070,1717
134  806,1073,1313
138  446,1013
259  537
139  564,1116,1455
30  17,49,206,548,748,812,1305,1330,1537,1538,1615,1685,1904
31  31,67,202,347,1045,1365,1593,1842,1873,1886
32  352,386,402,416,559,686,770,855,937,1040,1132,1617,1703,1789
33  59,84,263,284,391,612,725,822,860,1348,1369,1851
34  369,410,477,721,815,832,839,1332,1397,1674
35  302,625,659,981,1011,1443
36  292,743,759,1605
37  7,234,337,474,1233,1250,1327,1543,1943
38  483,589,714,729,737,809,927,953,1064,1204,1207,1575,1618,1701
39  251,472,777,814,850,952,998,1444,1539,1582,1658,1884,1928,1937
141  1114,1552,1614
142  1438,1730
143  1470,1534
145  1532,1778,1998
146  226
148  730,913
149  1142
825  112
1409  935
40  611,917,1030,1258,1417,1888
309  1942
41  128,249,382,704,1024,1027,1343,1512,1673,1997
42  193,384,505,747,780,823,1623,1817
43  706,722,933
44  387,485,513,568,716,736,796,1246,1541,1588,1841
45  254,294,553,571,572,685,1347,1684,1828
46  29,239,551,579,746,828,972,985,1159,1420,1553,1691,1823,1825,1924
47  581,793,1625,1875
48  350,694,787,938,962,1018,1357,1734,1973
49  379,947,1340,1986
150  1117
151  881,1544,1772
152  1102
158  566,1265
159  1793
435  1212
314  1323
316  409
713  454
50  15,125,1354
51  58,245,279,511,682,880,1042,1655
52  41,435,583,675,1707,1749,1822
53  376,550,752,964,1808,1963
54  4,33,189,346,765,776,905,1205,1613
55  354,380,561,840,1895
56  393,481,1225,1827,1893,1946
57  401,992,995
58  332,517,1063,1146,1224,1294,1748
59  1341,1396,1834
160  501
281  1319
161  1859
162  585,1306,1938
163  238,977
284  1858
164  1958
165  1784
CANCELLED  3,12,35,37,56,64,93,95,96,162,203,207,215,218,219,224,246,262,295,300,311,313,314,321,329,330,343,351,381,383,388,458,466,469,473,482,496,499,504,510,525,532,556,562,570,595,598,621,627,631,669,680,703,724,733,738,750,751,766,767,774,782,785,790,791,797,802,826,827,831,833,834,847,861,872,875,886,892,896,921,922,931,934,936,943,950,984,997,999,1000,1005,1010,1012,1015,1035,1037,1049,1053,1056,1059,1074,1079,1082,1084,1085,1086,1091,1094,1097,1103,1104,1119,1130,1145,1149,1182,1186,1187,1198,1199,1200,1201,1214,1217,1227,1238,1239,1240,1241,1249,1259,1266,1269,1270,1271,1272,1289,1301,1331,1336,1346,1364,1368,1372,1379,1388,1389,1390,1395,1410,1414,1422,1440,1441,1468,1490,1499,1500,1508,1518,1522,1523,1548,1558,1561,1584,1596,1598,1603,1632,1657,1670,1700,1713,1718,1725,1739,1741,1750,1752,1755,1761,1763,1770,1774,1780,1787,1799,1812,1813,1815,1830,1845,1847,1848,1850,1852,1853,1862,1868,1880,1883,1906,1916,1920,1933,1935,1945,1950,1970,1978,1979,1981,1982,1987,1991,1992,1994
1423  1839,1947
1422  1043
1421  1903
1420  52
205  957
207  1251
60  377,439,763,877,963,1062,1546
61  484,1355,1462,1926
209  1373
62  231,849,1448,1877
63  316,1021,1061,1654,1881,1896
64  390,734,1375,1705,1957,1967
65  361,490,493,844,1028,1231,1492,1889,1902
66  407,911,1191,1376,1968
67  318,1378,1551,1818
68  118,856,1325,1988
69  296,1162,1511,1899
173  1160
295  1321
176  276,904,1756
1437  1846
210  976
331  1320
452  1611
211  443
1434  243
179  970
217  1804
70  331,403,693,723,1139,1377,1458,1874,1876
71  25,69,1279,1434
72  208,590,820,1472,1576
73  463,687,835
74  342,1022,1628
75  1068,1600,1921
76  19,955,975,1041,1421,1645,1651,1882
77  153,740,899,965,1854
78  299,373,489,1639
79  678,949,983,1089,1419,1423
180  1197
181  846,1065,1476
182  66
183  1536
185  212
186  1863
221  135,956
100  1278,1704
101  628,673,974
102  447,978,1667
103  771
104  415,784,1721
105  1549,1983
106  129,1192,1344
227  1719
80  345,500,573,1083,1156,1415,1507
108  357,901,1723
81  518,1133,1242,1837,1976
82  195,1183
109  841
83  614,744,882,1796
84  1193,1425,1502,1898
85  600,758,1282,1607,1923
86  1138,1525,1821
87  397,470,587
