88  489,946,1923
89  397,1516
193  1230
196  976
110  605,951,1185
198  1713,1863
111  129,841
112  1353
233  1719
113  628,1164,1730
115  238,1031
116  873
90  10,481,516,518,1472,1651
117  1704,1915
91  69,296,825,955,1022
118  1692
92  691,758
119  1754,1919
93  307,806,1279,1280,1439,1983
95  1133,1742
96  678,901,1179,1281
97  573,1034,1507
10  15,104,136,145,148,159,433,440,444,506,616,668,792,1047,1221,1262,1504,1648,1753
98  211,500,1549
11  114,164,233,242,322,436,521,574,655,673,756,817,836,884,939,1003,1045,1177,1466,1520,1587,1665,1821,1972,1977
99  394,698,1122
12  32,131,141,166,194,217,225,227,263,376,418,507,527,549,619,670,679,747,888,979,1196,1247,1252,1324,1483,1501,1673,1737,1745,1900,1954
13  50,62,102,190,206,347,453,707,753,796,828,1093,1101,1246,1394,1539,1627,1940
14  5,6,144,310,411,487,727,865,898,1276,1300,1302,1328,1400,1445,1451,1716,1720,1743,1888
15  76,306,552,647,656,887,910,917,1136,1150,1224,1243,1465,1478,1506,1583,1606,1608,1652,1712,1769,1833,1855,1930
16  94,123,340,348,490,705,822,961,1020,1038,1067,1100,1165,1359,1569,1819,1849,1974
17  54,115,130,157,198,199,240,257,279,297,891,906,944,1090,1095,1173,1392,1686,1840
18  30,101,124,220,281,290,526,604,671,686,773,864,1143,1174,1275,1296,1371,1382,1571,1601,1612,1634,1706,1832,1910
19  250,328,423,468,894,1096,1261,1305,1574,1682,1689
0  1,2,3,7,9,11,12,13,14,16,19,20,22,23,24,26,27,35,36,37,40,47,52,55,56,57,59,60,61,63,64,65,68,70,71,72,74,75,79,80,81,83,87,91,92,93,95,96,97,100,103,105,109,110,112,113,118,119,132,134,137,138,139,143,150,151,152,154,155,156,158,160,162,163,167,168,169,171,172,174,177,180,183,184,185,188,191,196,197,200,201,202,203,205,207,209,210,214,215,216,218,219,221,223,224,226,229,230,232,235,236,239,241,243,245,246,248,255,256,258,259,260,261,262,264,266,267,271,273,274,278,282,285,288,289,291,293,295,298,299,300,301,303,305,311,312,313,314,315,316,317,321,323,324,325,329,330,334,339,343,351,353,356,358,362,364,366,372,374,375,378,381,383,388,392,398,399,400,401,408,412,413,417,422,424,425,428,429,430,431,432,434,435,437,438,442,445,448,449,450,454,455,456,457,458,460,461,464,466,469,470,471,473,475,478,479,480,482,488,496,498,499,501,503,504,508,510,511,514,515,517,519,520,524,525,531,532,535,536,537,538,540,541,542,544,545,546,547,554,555,556,557,560,562,563,565,570,577,578,580,582,584,586,587,588,590,591,592,593,594,595,597,598,599,602,606,609,615,621,622,623,624,626,627,629,631,634,635,636,639,643,652,654,664,666,667,669,676,680,695,697,699,702,703,715,717,720,724,732,733,738,739,742,745,748,750,751,766,767,768,769,774,775,778,781,782,783,785,786,789,790,791,797,799,801,802,803,804,805,807,811,816,819,821,826,827,831,833,834,837,842,843,844,847,851,852,861,863,866,869,870,872,874,875,876,886,892,895,896,897,902,903,909,912,914,915,916,919,920,921,922,923,925,926,928,929,931,934,935,936,943,945,948,950,971,980,984,989,991,994,996,997,999,1000,1002,1004,1005,1006,1007,1010,1012,1013,1014,1015,1017,1026,1032,1033,1035,1036,1037,1039,1043,1046,1048,1049,1050,1051,1052,1053,1054,1056,1057,1058,1059,1060,1066,1069,1074,1075,1076,1077,1079,1080,1081,1082,1083,1084,1085,1086,1088,1091,1094,1097,1098,1103,1104,1106,1107,1108,1109,1110,1111,1113,1115,1118,1119,1120,1123,1125,1126,1129,1130,1131,1137,1138,1140,1142,1144,1145,1147,1148,1149,1152,1154,1157,1158,1162,1167,1171,1172,1176,1181,1182,1186,1187,1189,1198,1199,1200,1201,1202,1203,1208,1209,1210,1211,1214,1215,1217,1218,1219,1222,1223,1227,1228,1229,1238,1239,1240,1241,1248,1249,1251,1253,1254,1255,1256,1259,1260,1264,1266,1269,1270,1271,1272,1273,1283,1284,1285,1286,1287,1288,1289,1290,1291,1292,1293,1297,1299,1301,1307,1308,1309,1310,1312,1314,1316,1318,1322,1326,1330,1331,1333,1334,1335,1336,1337,1338,1339,1346,1352,1358,1361,1363,1364,1366,1368,1372,1373,1374,1379,1380,1385,1386,1387,1388,1389,1390,1391,1395,1402,1403,1405,1406,1407,1409,1410,1412,1414,1415,1418,1419,1422,1423,1426,1427,1428,1430,1431,1432,1440,1441,1456,1459,1467,1468,1480,1481,1484,1485,1487,1488,1490,1497,1499,1500,1508,1513,1515,1517,1518,1521,1522,1523,1524,1525,1526,1527,1530,1531,1540,1545,1546,1548,1558,1559,1561,1565,1567,1573,1576,1577,1578,1580,1584,1585,1586,1588,1589,1590,1592,1594,1596,1597,1598,1602,1603,1604,1609,1613,1616,1619,1622,1624,1626,1632,1636,1637,1639,1640,1641,1642,1643,1644,1647,1656,1657,1660,1663,1664,1666,1670,1676,1677,1678,1679,1680,1681,1694,1695,1697,1700,1702,1707,1718,1722,1724,1725,1728,1729,1731,1733,1734,1736,1738,1739,1740,1741,1744,1750,1752,1755,1758,1759,1760,1761,1762,1763,1764,1766,1768,1770,1771,1774,1780,1781,1783,1785,1786,1787,1788,1790,1791,1792,1799,1800,1802,1805,1807,1809,1811,1812,1813,1815,1816,1820,1829,1830,1831,1836,1838,1839,1843,1845,1846,1847,1848,1850,1852,1853,1856,1862,1864,1868,1869,1871,1880,1883,1890,1897,1903,1905,1906,1908,1913,1914,1916,1920,1925,1932,1933,1935,1938,1941,1944,1945,1948,1950,1951,1956,1960,1961,1965,1966,1969,1970,1975,1978,1979,1980,1981,1982,1987,1991,1992,1993,1994
121  427,1901
1  8,28,88,106,147,175,179,186,253,269,349,406,414,452,465,575,649,660,672,700,907,940,967,982,993,1166,1404,1554,1669,1711,1806,1814,1844
122  1894
2  48,73,98,99,120,122,133,173,176,192,265,327,409,539,576,603,610,640,641,646,689,690,726,760,779,795,813,862,900,930,969,1153,1356,1453,1464,1471,1494,1543,1555,1557,1564,1939,1947
3  53,84,178,247,270,272,368,395,459,462,502,567,677,688,741,859,879,1078,1112,1188,1220,1452,1503,1537,1630,1646,1668,1671,1687,1693,1696,1779,1955,1971
125  66,1344
4  108,277,370,543,601,662,794,829,1001,1092,1315,1514,1556,1635,1649,1810,1824,1835,1866,1962
5  21,42,111,165,170,181,187,275,371,509,637,642,645,674,719,735,757,772,942,987,1244,1349,1351,1381,1398,1447,1486,1510,1528,1572,1746,1775,1867,1879
126  1073
6  18,116,193,360,451,661,665,871,1135,1461,1496,1498,1566,1662,1795,1934
7  39,528,529,617,644,793,830,918,1277,1355,1411,1435,1560,1708,1756,1999
8  117,161,213,222,320,638,684,696,824,941,1025,1170,1175,1195,1362,1408,1443,1562,1599,1610,1861,1870,1887
129  396,1105,1614
9  90,146,182,244,522,651,728,755,764,808,845,959,988,1016,1151,1184,1257,1311,1350,1384,1401,1650,1765,1773,1929
20  89,304,308,365,385,389,410,486,530,663,838,883,1055,1234,1263,1413,1429,1828,1995
21  29,49,228,252,319,657,743,761,762,960,1124,1178,1194,1473,1475,1533,1653
22  4,45,51,419,421,467,858,878,932,1019,1245,1317,1449,1454,1469,1633,1661,1782,1803,1885,1909,1949
23  78,82,85,86,352,361,618,620,734,958,1134,1141,1295,1482,1593,1688,1690,1857,1918
24  107,140,569,653,798,839,867,1258,1332,1767,1891,1953,1984
25  126,497,737,954,1393,1493,1519,1581,1638,1757,1776,1964
26  477,495,558,632,648,890,893,1235,1250,1370,1383,1563,1575,1615,1922
27  121,237,658,1436,1591,1683,1860
28  34,46,476,534,810,1232,1298,1446,1568,1620,1911,1912,1936,1996
29  43,44,204,344,386,402,533,548,561,596,681,818,1011,1190,1365,1450,1477,1550,1747,1794,1907
130  1071,1547
131  1442,1457,1878
132  1117,1169
133  977
134  800,1437
135  1168
257  1274
136  1629
137  1544,1552
258  1709
138  1958
30  333,889,966,1087,1216,1460,1474,1595,1674,1701,1952
31  125,336,341,359,613,952,986,1206,1342,1347,1509,1631,1685,1726
32  302,405,420,474,512,625,633,683,711,713,749,981,1204,1872,1990
33  128,254,338,403,706,754,1233,1416,1463,1621,1698,1735,1797,1851,1917,1959
34  718,759,972,1155,1304,1354,1367,1397,1399,1505,1538,1710,1727
35  326,350,589,885,1512,1892,1904
36  41,234,294,523,1396,1684
37  268,286,483,721,856,995,1327,1360,1798,1937
38  127,195,283,710,908,1027,1029,1030,1433,1479,1672,1703,1927
39  58,342,973,1623
140  564,1070
141  566,1008
142  913,1931,1998
144  1121
145  276,585,974
146  446,1313
148  1438,1455,1532,1534
429  1212
40  292,709,823,1348,1732,1865
41  77,391,513,559,712,848,850,857,933,1040,1044,1957,1973
42  251,494,729,927,937,1213,1226,1357,1417,1582,1699,1789,1823
43  280,363,687,725,1207,1529,1541,1570,1654,1884,1928
44  67,369,377,441,714,815,880,953,1064,1127,1159,1369,1617,1625,1658,1715,1943
45  249,685,854,855
46  612,704,809,840,938,1444,1607,1818,1841
47  416,551,614,968,1267,1343
48  142,379,382,384,579,607,659,1605,1967
49  17,439,553,1061,1420,1817,1985
150  1114
155  881,1793
156  957
159  1102,1470,1675
50  284,505,550,568,860,1132,1378,1553,1898
51  309,346,387,485,731,1205,1655,1842,1924,1997
52  31,354,367,812,998,1128,1691,1808,1827,1986
53  675,849,992,1021,1024,1968
54  337,571,765,1340,1375,1462,1511,1542,1873,1886,1946,1963
55  572,692,780,1329,1491
56  335,472,777,1751
57  581,650,1068,1825
58  153,611,736,832,882,1018,1425,1826,1834,1875,1926
59  447,716,722,723,949,1376
160  1116
161  730,1717,1859
162  1772
166  1784
167  404
200  1306
321  1323
288  1858
201  608,970
1423  701
289  1319
205  1535
207  443
60  393,947,1062,1099
61  25,149,380,1042,1377,1667
209  426
62  33,1748
63  189,345,682,694,784,962,1341,1424,1551,1749,1976
64  318,390,583,770,1041,1600
65  877
66  985,1421,1881
67  1225,1448,1796,1876,1893
68  484,752,814,1618,1714
69  231,788,1089,1458,1611,1822,1895
171  1160,1265
172  1180,1536
1437  287,1495
1436  990
298  1321
178  904
1434  1489
1433  708
70  463,746,763,853,964,1242,1628,1874,1896
218  1197
71  407,787,1139,1988
219  1237
72  776,1303,1921
73  1231,1877
74  1889
75  208,493,983,1063,1325
76  924,1193,1502,1705
1438  1659
77  820,905,975,1156,1837,1882
78  1028,1434,1899
79  835,965,1645,1902
182  1778
185  212,1476
221  868
100  1163
189  846,1579
222  956
101  1065,1191,1192
103  373,1161
345  1320
224  1804
225  135
104  491,630,1777
105  415,1278,1345,1942
106  1723
80  693
107  978,1072,1236,1721
81  331,357,1989
108  1023,1268
82  600,911,1294
109  771
83  332,899,1146
85  355,744,963,1183,1492,1854
86  38
87  492,740,1009,1282,1801
